118 9421 1950 786 8935 8559 2981 4235 8192 3684 5044 4168 419 6526 7122 9722 5476 3060 8204 7006 6053 7798 7362 5714 5206 8373 9505 4148 8369 2139 4008 6575 9342 1842 3182 816 9992 6146 9327 4325 3347 5598 6334 2673 2192 6437 1925 8051 4254 2444 852 8103 9229 8215 8996 6478 8138 3065 2388 1715 4092 2836 5201 5187 1169 133 4474 516 8332 1571 1368 5615 416 9760 8276 6934 9142 3242 6740 1868 3689 9838 4976 1866 1456 815 9925 8437 4752 2281 3732 2415 4972 8590 4573 1758 5060 7915 8751 2722 2744 4052 5761 9626 9145 4224 8569 8719 6393 747 1266 7630 2484 2435 4780 7292 9929 4963 2719
117 5063 6554 7419 7358 1678 8454 9202 4867 4835 6050 6852 4181 6039 9597 544 1222 624 7600 2720 1142 6463 2801 6822 1153 495 7450 52 2320 9085 3762 99 5823 2901 9352 1532 7928 8758 3537 9552 4236 4638 3263 4439 9496 1813 9800 2368 9685 4066 5413 6927 9230 7304 39 3389 3446 5351 6096 3170 7701 3344 9578 7807 7016 2984 2046 2092 5544 368 5231 2479 9252 2837 2222 1070 4199 6789 3115 2137 3330 5326 3852 6410 8180 2291 8919 1091 2734 3970 3169 8442 7283 2095 9308 3226 9730 546 5506 3380 2771 7396 6214 4946 292 5324 1079 2066 4700 191 1853 2406 1618 2989 5681 7278 112 6133
126 1448 9338 2968 6095 8404 5912 5702 8835 8723 5101 7804 6753 2890 6094 9523 6960 6375 9448 5451 6912 9090 9131 5829 9748 5532 3745 8937 6791 7888 6225 2717 2934 5412 6891 3790 7170 7458 2240 9464 6348 5743 3659 5864 145 7735 3379 5531 5415 1619 5876 902 8678 916 5833 325 1676 7313 4035 22 6757 2634 3515 4881 2737 8109 5097 3122 3234 7077 5317 1127 5293 2276 4452 4258 2463 5657 4048 5454 5119 3014 9902 2894 5659 7273 339 9115 1914 2832 3400 2772 6490 1417 424 9309 9486 7494 2391 2076 6976 9248 1250 4221 3264 7195 3785 8449 7764 3536 9089 9495 8826 6880 8914 4489 6790 229 1226 1499 4854 7662 4030 5836 8764 8603 4578
123 9213 1221 2344 6102 3555 3016 9390 269 3249 4785 1904 8160 7999 4079 7714 2506 2372 6715 1356 5760 9905 8345 3771 5882 1894 6113 4344 7564 3196 3081 4934 7434 8986 4915 9379 7076 1983 3185 5049 3626 3324 5647 9251 1899 7211 8966 585 5602 8389 2216 1977 8516 8648 3620 306 1007 4468 5448 6231 8091 7339 2601 9609 6335 1674 8535 4875 9136 1421 2070 258 7190 8583 2002 8873 6613 7717 6258 4817 1435 6145 4353 9305 164 6635 9958 3105 5045 9155 7629 6269 4891 1320 2205 174 8610 9180 831 1916 3356 4585 5595 8641 2757 5073 5759 1284 8191 3748 7783 4287 1966 6974 9391 5130 6105 506 2450 9517 3333 4719 6296 9616
110 6373 3895 384 1299 209 5289 2714 1461 7715 3276 317 2955 194 2926 3584 3740 1480 2411 9072 6538 542 272 6462 6083 8208 9887 7215 9320 8547 3375 9932 1641 7867 3999 2337 2008 6784 8302 1067 4158 7359 6085 6821 6424 6068 7720 5160 3058 8884 1390 6268 7137 3434 5502 9345 9611 716 8328 8108 7327 8376 6416 5766 8987 8680 3655 5003 9701 2660 32 1528 1877 9021 7519 988 2051 2578 6010 829 6423 3743 5915 3935 5169 7364 2301 4901 2780 9641 1902 6792 2735 4589 3667 70 4435 8434 1094 1066 6317 6670 1168 445 1190 6444 5520 4229 4426 960 9111
122 7499 636 6770 9169 6358 7590 1670 2602 3772 5831 6006 992 5842 5585 4363 4204 9028 7021 3466 2288 6064 9509 1924 7879 8497 5367 4476 7979 221 7750 9856 1189 4380 9627 8613 3486 6647 589 519 3219 9008 5340 1503 4478 6052 9233 1276 3913 7366 4862 108 3998 9587 4964 1363 6466 8344 3499 4090 6618 8577 4343 1908 709 8358 9662 344 477 3898 8612 528 1605 4526 776 4367 5511 404 8909 9256 2047 3432 6781 5220 4535 8282 4198 1362 5453 3782 7013 3388 7031 4233 5561 5500 9265 4808 7980 4559 4429 7224 1185 1939 1696 6012 1783 6138 28 1297 3980 4128 8722 4561 1878 3273 459 7821 2605 9763 4211 7986 2965
128 8053 9598 7488 4776 7781 6131 6412 2813 8767 7341 5621 4400 2559 5965 9141 6111 6991 6864 2937 9629 5390 729 6368 55 369 1806 864 7098 5441 8153 1935 901 2389 7758 5455 6634 4923 3483 9814 4083 8945 3983 1730 3866 1227 6379 8331 5394 3958 3471 6956 6491 3303 4866 4406 7673 9799 2310 8550 3723 2013 3057 8472 1585 1854 9822 5571 4676 3007 1906 613 3146 9132 8188 1312 9651 7709 5397 7381 6748 7688 4844 9100 6069 3664 6315 8025 7456 7114 4532 9406 8390 6477 2726 5637 397 1764 2086 7140 9339 934 5204 3444 3266 1334 9894 1032 2395 3996 3985 8888 1861 4953 2885 4918 1178 3172 1392 141 9447 3135 504 7025 5519 5691 9882 4920 6839
111 2533 6835 8178 8070 9911 2421 1770 2703 684 8314 3310 2482 1645 4104 5172 6887 8285 4738 4783 89 1010 7128 8438 3865 6376 290 7349 8050 3818 6257 3706 7507 568 4308 3307 3331 5963 8787 7850 9259 7252 2198 1139 1188 7868 7572 2534 1483 3498 6964 7091 9596 7741 5674 4647 8351 8061 6810 7547 8279 7442 5224 9542 210 1525 1688 5138 1327 2404 101 5977 9507 2149 4237 240 2645 9624 7094 7290 2554 9824 297 8146 6248 9297 9974 8580 8874 2676 7636 9284 3326 8772 3923 4346 1264 8471 8570 8526 536 1823 5974 4721 2016 5301 6162 8342 1920 9980 3450 3114
116 3545 7401 9559 1981 9754 7139 489 3826 8797 2050 4113 123 6694 4302 1322 2005 6029 3705 2400 6932 65 3456 8005 538 6347 1735 9236 7075 7880 1536 8742 303 5832 8763 3892 573 6301 6157 1469 1728 5495 5445 7002 4778 1655 825 4407 6970 3507 2791 5875 4304 4593 1642 7665 4800 3239 688 1858 5877 8193 7268 3233 5433 5488 348 3581 5944 4689 4936 6398 1379 6808 5830 2792 887 6351 7309 41 3018 9731 6552 6566 1024 2402 7551 5358 3130 4687 7182 1918 3236 1256 1663 7970 2271 6051 2010 2133 4760 8329 6536 6548 6203 6074 8429 5491 6254 8241 9020 7857 7974 6129 4710 2226 2056
113 5895 5255 9494 1871 6243 6041 9066 4815 3184 3909 1170 1967 5126 6553 2900 6294 3891 5768 1146 3944 308 4246 5076 2718 2742 1776 7628 3841 7473 1121 1183 198 2562 2807 1374 1508 6403 5841 1658 6860 9857 1589 2067 2451 2514 1141 3089 9172 8036 5507 8155 2869 2825 2906 2111 5295 401 8034 312 2080 7712 7302 8663 7086 6274 1076 5609 7271 3151 3761 6384 5752 796 2459 2412 7768 1350 9226 1056 8333 998 6054 7133 5997 2550 5407 2689 8665 5725 2454 4332 4329 7593 9163 8346 743 3430 9534 1112 5628 8125 922 5556 511 3812 3127 1412 3353 7945 6219 3611 5342 7659
111 3102 6448 8973 4014 7050 802 5712 6562 3904 3086 5447 6057 361 3632 6155 5383 7619 6429 2290 5897 4679 6827 6582 7669 7831 5960 6854 5043 2019 9734 7498 9366 2494 2190 6304 53 6485 5291 951 1423 1081 1013 1401 2247 3494 1174 1497 2589 6522 1810 3930 4125 3348 2740 9091 3686 7486 3377 6081 6392 6830 4515 6846 9891 6500 7658 9825 2929 5148 9614 5923 9467 1814 632 7685 6529 7350 3554 8078 5111 4184 2939 6234 6816 1115 1291 6612 1463 8948 2452 5323 4813 2059 3987 3561 9787 2193 4588 7145 2261 4143 3531 2810 9038 6322 7383 9328 7147 4852 5640 735
118 6796 4958 8759 4696 8365 7978 4965 4033 3393 6610 2902 4694 8946 6282 6621 9331 1577 9994 1684 8098 8168 9726 6401 5616 3019 4787 9949 881 3138 1843 5908 863 5728 2326 1147 3922 5141 8280 2951 4025 3223 3244 9334 3725 2094 6112 1592 1782 2657 2187 7119 3645 1354 674 4377 9067 9329 7448 2855 604 1213 3524 4974 3799 6856 5346 906 2897 5161 3663 7318 2696 4991 9937 3770 2152 9968 5758 6766 3475 4745 4500 5202 8273 7395 4138 8258 2331 8427 3154 1426 7984 7989 9521 7918 2485 1074 662 593 8388 8118 7534 5144 5583 9004 7737 5937 3649 8730 5562 3797 9033 9739 9183 7633 7757 5631 7948
114 8727 814 2685 4722 5862 4203 3547 7167 7696 9522 6086 9674 9697 4359 5671 7475 2491 6978 6495 2521 9962 3965 6128 8090 3487 7728 933 6142 7819 5930 3271 7254 455 1408 5928 1462 603 9916 836 5191 7402 7994 2199 7379 5280 4681 9875 5775 5858 5623 9112 7365 3039 5121 2508 2375 1459 5898 8196 9939 965 2941 983 8234 7446 6222 1654 9060 1929 1575 9081 2861 800 9065 7522 7771 7946 1778 3802 9997 1565 2538 5298 827 2743 9040 7796 628 8593 6144 670 4209 8544 6400 4253 3878 1351 8122 5517 4909 5190 2624 3186 7295 1736 6697 6245 1638 1303 6592 1660 8880 201 740
121 7024 8879 475 9015 2821 426 1259 9947 3391 8539 1701 3727 9936 6569 8885 9009 9933 3702 4632 3870 1723 3737 6017 3714 4266 7661 7291 5780 6917 9311 300 2215 3614 1009 67 3479 9070 1949 9415 6721 4446 7751 9362 1047 4775 9152 3317 1058 6736 4255 8252 958 2923 2827 7852 648 6588 4362 1 708 1314 1120 1849 485 7861 1872 3093 3678 2015 1596 6397 9821 3838 2823 8074 3480 9645 2012 5953 7217 2585 2483 612 5756 8950 9957 7386 7467 1561 124 4549 6352 563 8839 1232 6276 6888 2399 4684 2221 4173 8557 4472 736 6307 1385 3133 5035 5372 2873 4927 1449 3301 8963 9638 642 778 2420 7676 3951 8534
114 7615 9592 9995 5529 217 3957 8349 4179 1595 1481 895 1632 3977 8062 7594 462 7848 3532 8561 1277 694 6260 8533 9678 4947 6950 3053 6250 3435 2864 7240 8563 4581 5319 3617 6354 7108 7062 1048 733 7055 7790 8216 8260 8162 1114 9369 2509 1434 4943 9108 6811 9941 5217 9372 7577 1451 6470 2959 3577 1132 4884 3470 4023 2220 9672 5093 1601 8836 1261 8834 1223 5978 8266 4823 2883 5778 8289 871 6693 2317 66 691 274 6938 7607 8681 9074 9818 8863 3837 1566 8632 4619 3285 9506 725 5384 8975 9409 2893 4640 4213 8828 8907 3270 5478 9647 3945 4067 1608 1391 5779 2917
116 9190 8985 8238 2871 9052 1521 3026 2986 1790 8482 3809 7916 3318 6049 4690 8854 6636 315 6084 8689 7071 2269 755 7511 2635 2267 3757 3497 1300 5535 9747 4399 9349 9711 3993 2293 9688 1302 5263 2417 3159 6209 6691 7897 7911 7088 2318 59 1172 1282 7818 7680 2704 1294 9979 2682 7586 9633 322 4240 5164 7360 16 7544 6033 486 7975 1760 8326 731 2081 6396 4160 1422 3872 2358 2919 4466 4398 6531 7733 5139 3493 6072 1430 7579 7206 427 8645 2790 9743 9649 5693 6815 7400 9738 7026 6650 795 3158 813 7846 3981 6859 9094 5026 3849 890 1450 5110 2065 3111 7194 6189 8779 3350
113 5037 8687 2144 1394 4162 7842 2806 8633 5404 4554 3191 5819 3230 3228 5750 2384 5087 5867 5669 5364 587 7902 1896 8251 3541 5307 4295 5027 8673 6688 4191 7914 2787 2888 1308 8366 3229 8709 660 8018 9425 3960 9290 2225 3110 967 9452 3346 7575 1781 6288 271 8812 5799 9429 1329 5064 2698 8791 5653 4517 6186 3426 7493 1193 2586 4303 2031 4485 8703 2627 8717 8136 5608 212 3339 3323 252 8769 4261 6290 9752 453 1143 529 8929 7968 4511 6044 5700 7932 9579 5296 4123 1093 4442 4159 4763 3332 1811 9135 4606 584 3582 9558 1517 8558 2573 3059 5249 8182 9270 2561
108 4131 6066 5352 8592 4924 3023 7223 5626 8646 9029 8105 5776 3286 3590 2610 9864 7197 5084 4391 5125 5428 1931 7284 2371 1111 5151 3835 9253 9321 9859 2480 6431 8876 9687 3246 9359 4029 375 6212 7462 9487 4455 2150 5226 1165 1611 9375 8697 1969 8131 1005 4695 7089 9497 8622 1211 9801 6306 4073 935 3288 9525 4556 9914 6521 6340 3224 4424 1629 4883 1943 761 4275 3101 2592 1260 2920 5852 9434 8542 4955 8545 7535 8024 9514 790 5925 4644 6687 5210 10 1415 7342 6517 6935 1305 4564 2148 4509 4078 7101 5131 4666 313 2536 6869 4759 9198
112 1523 9775 8246 4566 103 1905 8508 4432 2793 3227 8502 9355 9811 4111 2683 4006 9896 6761 5375 908 6193 7746 3954 3637 321 6361 4926 7859 5773 9237 8519 8746 5497 1515 894 2209 8405 9529 5435 8642 4388 8921 6118 358 5490 5262 109 2129 5856 3208 7631 9986 2160 5059 2170 9847 9445 4351 8507 9470 7725 7503 6971 9681 3764 5633 4130 8451 6414 1712 9177 5709 8643 2530 4271 8470 4538 3001 6813 3654 7008 4898 4042 2121 6075 8428 8927 7085 3004 4910 1090 6003 7111 1255 4196 7338 592 2590 3700 7805 1978 5890 4378 1785 3355 9465 4850 1649 92 1664 7531 2564
110 9934 6528 437 9462 1228 9689 8579 2653 3118 7213 8397 429 6812 8156 8284 9382 1034 2572 3178 3888 9526 9704 6235 4465 5639 9583 3543 7373 7949 6714 9411 9046 2987 5515 5591 8049 289 8377 7316 4040 8303 8728 3408 5331 4440 1207 5737 364 8163 1940 6818 3546 1748 5305 5935 1372 879 5000 9622 539 6166 6253 9988 4091 9792 6741 7328 1224 4064 6622 1960 1181 3840 7136 497 6432 1377 8543 9438 2393 581 8087 6163 8499 7695 8157 5270 9762 3979 6349 3604 4542 9878 6930 1709 952 7081 9547 5014 5900 8794 3209 7581 7527 9735 5946 3419 9186 5745 7550
119 5821 1852 2851 4586 7079 1275 8795 4004 8736 2613 7059 3616 1915 9515 2445 6933 4611 3090 6941 1454 3731 5634 9791 5005 8911 8564 758 8104 2755 9269 3248 1600 1675 9306 2639 7508 7039 1004 1133 4338 7992 6481 2110 8688 6966 5689 5594 8954 7719 4770 3544 7608 9901 4754 1612 9363 1180 1021 8735 4979 6184 2844 5749 8859 6433 1637 3580 775 2762 8011 1568 561 7940 7811 5095 3478 9532 7393 5550 7440 1433 8152 9282 6595 5446 8059 7348 3495 8421 5917 3453 2072 4712 175 6164 1039 4020 2881 8982 2510 705 3358 6247 6946 1254 1077 9283 4929 7222 4599 3529 9300 3834 277 8650 7826 435 898 9985
113 6664 4244 7011 2286 1361 1685 1054 953 7806 932 2493 7566 7836 553 130 8860 5757 247 8943 3729 5954 1059 3033 1428 4027 8682 4340 6524 4853 5493 7201 1176 4278 8624 8466 647 5813 8851 3447 2382 9969 8662 5664 4305 1204 767 677 7727 8171 4089 6543 6779 3800 6455 3261 2338 1411 3334 4954 2684 3203 7477 4007 2274 5981 4590 4716 635 5795 7934 9480 2778 2697 7624 945 3206 7537 5011 2158 9862 2373 5214 4449 1693 7361 4734 7353 8484 4136 6395 4482 9337 2866 4997 9606 9617 9524 8576 1313 8776 6026 9347 5344 8259 8172 5303 5127 1653 5704 3052 3596 8140 5339
126 3701 4828 5399 5370 6731 3342 5318 6771 9918 2441 3076 4011 5968 838 853 6577 1976 6586 7832 2942 2497 2495 8596 1431 2378 4238 8467 7464 1206 365 7437 5275 9056 8112 4081 858 8227 5023 7585 1040 7435 1835 2339 7884 2306 5707 9137 6593 2600 9520 9855 2763 5338 8056 9024 1439 1144 5327 7744 4331 5115 1951 7063 5853 3212 131 7138 5668 5389 9292 1692 6739 3254 5427 602 2054 2219 5365 889 7406 23 6936 1286 9676 7202 4381 6151 6730 4252 4543 8690 7521 8821 9767 8093 7436 4740 2579 9191 2230 8848 5392 1050 195 9181 8315 6733 711 3103 8743 5891 2932 8778 6725 8951 7516 5489 7650 2422 7729 2607 7148 465 6140 9092 3609
117 1384 4132 1175 5135 6727 4059 7244 3556 4220 4433 3176 4646 226 8194 7375 8756 6132 37 2316 6242 9481 7895 4735 1594 439 6696 1387 1015 7656 2128 3696 7563 5730 4003 7957 3597 7017 3964 9313 4545 6718 5827 6729 3433 1841 3828 1100 1818 9293 2512 5901 1669 182 8068 1801 5549 3548 5922 5861 3174 8317 6754 1559 2809 8883 6798 7762 6920 8747 7230 2142 7161 2716 1975 2566 6227 2907 2706 8159 7962 2587 5165 8548 6493 2930 9346 675 8901 1867 8440 1367 3262 4993 4913 9174 5007 7786 5410 9057 5105 432 2453 7121 2884 1234 9653 6673 7931 8840 5246 9613 2364 4339 9671 4001 8804 9416
111 5199 3088 4971 7909 8008 5308 8026 2557 8075 2543 5405 345 2329 5697 5878 3387 5396 9432 5462 5277 6331 2194 6408 149 6911 1738 5834 7015 4428 4876 2966 606 8395 1893 1797 9397 207 4889 7745 6746 4851 7030 7176 2739 9880 5456 819 732 7763 3986 4863 7171 1919 6701 4637 5676 213 2097 9963 3864 2670 3853 2608 7281 4718 9899 3312 6564 2633 5192 2659 9279 2982 1274 7427 8922 2090 8660 5816 6667 2933 875 8760 2414 1419 7773 5796 6279 6195 7576 8173 5632 2438 7882 243 5484 5276 1269 3810 9439 8960 7225 5739 8869 2531 6885 5528 4729 4603 8949 9519
117 4513 1365 1098 7597 5480 8820 8293 6557 2707 654 8436 1370 513 9350 2940 9075 4709 5481 5061 5913 8600 84 2472 3526 8936 7129 8661 5282 2860 1030 6020 7770 4077 522 3160 3736 7830 9842 33 3833 1745 9840 6100 1399 4098 848 3256 1306 500 1953 452 7929 463 2462 4247 8670 2105 594 8357 6550 2253 6665 8522 6286 6241 3351 7887 3908 6337 5228 5711 714 250 1809 2649 8638 4335 784 899 7649 781 4855 6874 2238 1510 3322 5998 2162 9770 3126 5229 7072 7135 7162 288 1617 8044 2895 1836 3445 5436 4727 2520 4595 1702 3848 9348 1972 8479 1064 3636 766 2202 4347 7833 260 7414
115 1860 4726 7174 275 8941 8685 3029 7276 9185 5034 394 5652 5940 2944 5377 5196 5679 3365 3327 6422 7303 638 2178 759 3579 5259 5041 168 8244 185 5080 9058 607 4604 9407 8242 1869 4661 9459 5082 1535 2631 8908 5751 1310 4569 294 3252 414 6168 6828 3527 466 1156 6949 2037 6077 3789 4939 276 2136 6499 8862 4320 3099 5300 6515 6985 1875 3721 2434 2476 5420 7814 6844 7173 3982 6198 3278 6707 7987 2161 1383 5278 9737 4643 535 7429 425 9788 1583 7315 2724 7693 6799 5578 993 8882 4404 4107 805 2575 7103 9841 2189 5557 4547 4357 5874 7529 6439 9944 5729 695 7279
118 2036 6626 2101 8167 9388 9511 5601 6851 9479 1344 6878 1092 7869 2304 2214 8441 701 6364 2796 9146 7789 9367 8967 942 8707 5408 807 2516 3887 7889 4477 12 3153 2904 9255 8653 661 1788 6649 8916 3440 9698 1402 8262 8868 6360 9660 5048 9755 2078 9942 7175 1537 3666 6992 7881 4319 8355 1342 408 8495 1215 7363 7480 2385 9906 4139 639 4171 6040 534 3162 6895 7307 6639 2361 4885 253 6005 4365 7960 2168 7168 1280 7528 5116 9829 7200 3804 7943 476 1876 8819 9210 6305 1118 9360 8981 8020 4430 1839 5334 3017 9154 7675 1331 7343 976 4277 3969 9630 8375 6190 7785 3260 2913 5237 7023
112 4217 357 3437 2774 5054 3349 9499 5052 9669 4858 5153 4256 4176 6088 6663 9118 5622 5603 911 18 1556 880 8560 5112 9960 1615 1761 6409 576 811 9831 6345 2839 8014 1582 8669 2258 5207 4219 8312 8621 9773 2289 676 4704 8362 5030 9795 4575 403 3338 1122 7998 8555 7463 5208 2000 571 165 6264 5815 4732 5837 1865 7969 9713 7065 8581 4270 2723 1874 2687 4167 7674 2210 8139 8286 7453 8255 3299 3141 3715 5174 3168 2615 4570 6045 3634 2876 1343 5102 367 3500 4907 3972 2840 2518 1963 5559 287 5656 4651 7760 148 6323 8775 3401 1131 2576 5794 7548 9751
115 4609 4928 1799 6291 9097 8151 5516 3217 1151 2470 1424 762 1473 8334 5936 4541 2117 5893 2850 3690 9516 7064 5013 5952 2507 4103 1999 7433 402 2973 7068 7891 9324 5250 6381 9946 6160 1661 586 8368 6090 8135 7220 4265 9618 5219 2752 9789 3421 2604 176 4664 524 9428 5129 3381 9054 7299 9742 9883 8695 909 9826 5994 7239 1437 6281 1197 2753 4846 3482 423 8413 4172 4978 8554 7084 7267 7599 3932 193 2927 5988 2455 9573 1922 4642 7022 5235 5996 7614 7549 2380 5933 2751 4657 2597 8097 3232 8393 9079 8094 9920 6939 7263 1262 9776 2049 6377 9771 7668 1946 2277 6743 3043
131 6896 6980 3378 8512 6547 3747 2551 4024 6546 3362 9386 7345 987 8887 9601 1518 9330 8435 215 234 3801 2174 6617 621 9326 3902 655 4279 9729 9872 9357 1991 2887 4631 8099 3274 341 171 826 3751 4212 3489 6777 2180 8870 1101 4431 9684 7731 4114 5382 739 7925 4284 8480 9544 9582 5099 9870 5909 2852 4496 1258 4369 9990 4070 8541 4877 1225 340 5252 5939 8296 1750 6884 2819 3569 2804 5854 4364 9310 6318 2091 2878 6019 5140 472 454 8417 6415 3034 4665 3300 8165 1358 4814 379 4990 6320 9133 177 6572 7803 6388 8463 7995 3662 5260 843 6890 5921 9765 2123 5828 8374 3050 591 5695 8223 8225 0 7169 2260 1271 7820 3575 3707 8652 2957 1216 5587
111 7329 4327 8083 7009 4223 892 7003 125 7497 5273 6990 20 9243 9849 1257 8154 9576 4480 1049 6899 8481 5791 8256 1245 910 5888 9938 6076 2642 2781 4497 1845 7490 9206 5627 6107 1484 6135 2272 2074 2104 7716 6682 3137 6185 3513 8347 8774 4498 8715 8832 7543 4274 2777 5625 1407 307 5028 4454 883 9203 5386 2284 3008 8353 7713 4961 9874 1285 2571 3814 2390 223 2824 9117 196 8299 6298 3214 3756 8000 8513 1968 9890 5211 1002 111 283 7001 3988 978 9563 2948 1470 8980 5884 8220 7500 645 2899 1570 6698 9184 8872 6488 2082 5613 3534 2423 1063 8248
119 1345 319 4905 9449 9892 925 4791 9571 754 2758 6427 9263 4753 6541 3692 8626 6385 4871 9007 3861 5070 1705 6928 8591 4483 5715 4697 2654 3911 5091 765 5079 8308 2786 5718 9567 8041 3187 9501 7634 793 6194 5959 2464 8738 5781 9965 5468 9749 5692 1371 8462 1604 7115 1080 448 8082 4180 2324 2377 263 4744 5524 9839 9702 5845 9708 1970 2517 5926 415 1522 8575 352 1911 4777 7371 8833 3275 7095 873 5020 392 9395 2700 3673 6620 5325 7556 9657 4935 2874 4061 7515 9881 9287 5156 4617 5755 8042 6117 449 4859 8601 3598 2017 1088 8668 7683 3369 2295 9138 943 7228 7177 3319 7610 7097 4762
117 699 2328 181 1822 851 5419 1335 1043 3959 9381 87 9076 2826 6271 5388 5438 940 6309 8693 8190 9796 155 1478 6101 5887 1829 2991 4013 173 2549 770 8952 5966 2115 220 2651 5471 798 1495 1599 4755 2980 7991 4467 6474 9643 8825 4276 6244 7212 7287 7740 5239 1205 6023 6641 3816 1529 1677 9554 1485 7308 9683 7730 4502 7963 6607 8562 6944 3078 7484 5236 3073 9093 7779 4012 1955 6955 4956 9475 6130 3608 3462 2040 6871 8684 4741 7927 1053 5182 5855 7893 7261 8116 990 3948 5257 385 7560 8659 8726 760 3136 6776 7113 1281 3044 8040 679 9267 2159 3704 5176 309 659 4264 8392
126 3311 8343 8893 398 5286 5710 5264 6047 3427 8181 4730 4208 6512 8468 1033 6897 680 3255 4985 1942 9149 197 3978 3773 8419 8239 5234 2235 3563 1682 5055 5786 1746 127 3827 2307 4622 9819 6900 3374 973 3337 3882 5443 8145 4450 5458 7000 4931 9595 2343 9296 4384 605 3150 1533 3225 8514 5459 285 5177 4865 1863 3780 1214 5067 7816 1610 4842 7126 7355 9214 8473 707 5183 4243 2596 3413 239 7620 2555 7455 9022 9087 9083 9940 4523 6623 6 184 7605 4401 2132 745 8634 5304 9691 9430 4262 3567 8976 4750 7981 7387 3037 9476 3628 9482 4675 650 4313 9873 2234 8030 7578 200 5503 9695 4899 941 6913 1325 305 1933 333 857
115 9107 6926 4960 9868 5540 6520 7801 1812 3359 1987 8458 6506 3247 2409 5576 3914 5701 324 6353 8057 1116 4628 2340 5050 6868 132 2679 5225 4189 8692 9666 8837 5886 3557 9026 3819 5838 808 1907 5347 2048 9983 8126 4720 1191 9667 2760 7191 8587 3406 2994 8578 5814 8597 9456 2354 5822 4142 2429 4894 8904 7853 9854 284 9197 9837 73 7014 8524 93 2265 2401 2179 5769 6717 8444 5543 9483 8782 7187 1052 3066 4165 957 2442 4152 5444 4316 7726 5294 3354 2854 2849 2690 3399 7389 3384 706 3027 7243 2903 619 3129 7558 1309 1110 1511 4396 2407 1235 2130 7 7368 3832 9417
111 6995 5345 2021 3188 7311 1708 1765 3791 6156 3906 6606 4605 9441 4536 9209 8052 2896 3952 8209 5065 2279 2841 8527 9917 5658 1775 1290 190 2870 1732 515 5090 7976 9952 5069 2175 8013 4703 2052 1807 7048 7513 3630 3113 969 521 9010 5682 2626 8898 1550 1436 5567 3672 3691 7112 3989 5961 474 4537 9217 9736 7262 5973 1393 9098 267 896 9031 5924 6496 1502 1979 7778 8111 5309 2971 3343 8798 1856 1376 7954 9835 4495 9194 6921 2469 2085 4112 5241 120 1553 2540 6759 3845 868 1538 7885 3481 2905 7199 6657 8485 9276 9827 9694 8781 6535 6972 4742 5586
121 9299 3716 2915 2828 1773 959 5157 7501 6925 9740 421 6605 4175 1060 9537 9851 9575 9823 1952 1961 2184 1731 3566 50 4893 2239 7964 8997 2332 1719 1887 1948 2315 8853 1501 5071 1293 1425 3402 6758 3357 9119 2814 966 2448 4341 4133 7323 3961 4654 2898 4519 3292 9813 874 2614 9124 7622 5513 7670 8818 1733 7536 349 7611 2542 2292 6767 810 9358 117 7702 7432 245 44 846 8845 490 386 1209 5354 1754 7491 6206 9794 6161 2541 6630 7444 5332 686 7250 2273 8780 9863 8476 6150 2300 6275 3776 3477 8106 5361 366 6328 1348 9935 2880 9956 2278 4225 9095 3363 8843 5150 4141 2548 8849 9709 389 3843
122 3856 76 1630 1037 6362 4925 3368 323 5504 9129 7871 7106 704 8348 2978 4806 3538 7156 5784 9105 7188 8420 518 9130 5094 7164 438 656 9973 6660 6986 3522 188 7705 6676 3425 5617 4635 3871 1106 1123 3910 9853 6124 5268 3558 9798 4459 4886 2954 7875 9556 4639 5297 9378 4510 547 9261 413 8503 5232 7426 8706 3284 208 734 2526 1886 7495 2100 4857 5527 5426 6633 6073 8770 2641 8301 3015 7947 2532 5173 1500 8895 8822 4503 7573 2553 2171 4462 2383 7541 233 113 8925 7334 6666 5333 8010 2032 4250 2671 5058 1364 9387 3488 7559 6464 8831 995 2250 4375 517 8222 2151 3695 8792 5322 457 3506 4667 7117
120 8655 6330 7613 5418 478 2410 7732 5401 2196 4649 2501 2283 6987 4385 6892 6454 241 8664 51 4402 1241 1652 1107 492 7664 6037 2006 5171 6965 4864 7282 1603 1741 4231 2625 5545 2799 6866 2424 3436 968 917 3373 236 3032 9466 9364 6951 40 520 6848 3594 5421 2747 6123 3880 8382 6924 7971 9632 9714 9175 1591 8900 8330 4393 9577 869 6202 8335 8964 9272 7570 9677 4819 4670 551 947 80 7691 2856 1971 9436 4756 4463 2705 9621 1737 4086 678 2096 7397 8185 8582 1713 3603 1295 3265 2264 7809 7232 1298 1572 6292 1135 1888 7747 9663 9696 6246 6426 3722 9612 5683 337 6876 266 8623 8917 8148
106 7692 3573 7749 3397 3646 3491 9053 4099 6831 861 3382 8573 3934 4054 3997 9921 8739 8699 8092 9500 7394 570 3758 8867 2489 2754 994 3571 2527 4834 6303 8956 7457 7310 4594 3949 3899 9000 6705 2353 9014 5233 6447 1766 5984 104 8179 6737 5547 9238 4382 7152 8213 75 152 4074 7961 6402 6661 3025 4906 5753 9551 1019 5605 4879 5899 2458 4291 5792 3501 3710 2487 1380 6983 5074 3336 3085 1666 8676 5873 5744 9424 5807 4422 1982 5726 7038 8886 4597 2492 5353 7218 6034 5719 4457 9463 7357 2 8408 6021 8864 6355 8240 4283 3087
119 1158 35 9648 5104 703 4747 458 34 1177 3045 2960 9591 6336 1725 4177 7344 7677 9322 9193 7040 8367 9294 4297 5486 9361 2275 9488 1956 4019 2140 9549 9808 4765 4626 1830 4492 3903 90 60 6549 1774 1311 9978 6239 3385 484 1680 244 6342 7260 3295 5269 9562 6452 4464 1798 8708 6672 5919 913 3585 3156 4790 8855 1671 7438 4527 832 822 1889 1744 9043 8965 347 5350 8006 2909 3734 5321 2126 1825 4267 8385 8944 3215 3341 6993 4350 3241 665 8086 5285 8892 1749 4615 4550 8815 3024 8 623 1833 3670 170 2936 2069 2154 7028 1008 5348 3896 2481 9783 588 726 8803 8150 1768 8254 248
117 9035 6996 3321 1716 1071 1492 764 418 9706 7321 9784 2947 3640 8107 1268 5596 2181 4728 3823 3514 4134 3938 6147 8631 6574 265 5487 5075 5902 830 9928 7866 6786 6453 1627 5724 1816 4774 2969 7325 7546 2611 7813 2992 6514 2127 2770 7320 9656 2502 4080 4166 3416 9566 7582 9220 4995 556 7416 1545 3048 470 5949 3490 3660 7663 6558 8926 7651 456 8551 1926 9221 2646 5764 8856 7388 6460 24 5114 9365 9187 6386 7580 2341 7756 1082 4371 6126 7924 6807 7246 8530 5221 2460 4602 6654 8409 2176 2039 6734 6744 8647 7944 7407 4737 5546 4239 6148 6537 81 1243 7272 7890 1452 6091 7005
114 5439 7472 971 9176 6662 9907 9877 9426 8001 6188 2998 57 8200 8962 1897 3533 6775 91 7644 2203 3098 4692 4994 9865 7417 7958 7930 2591 381 9527 4268 6229 7876 3811 658 3540 2675 9319 3134 3231 982 7862 5733 616 7172 9291 3030 5081 7710 5314 5359 8088 3298 870 7116 5630 4686 3703 5245 907 1089 9227 6677 975 5096 6382 146 8456 6324 3619 4656 6530 5782 6585 7810 9668 9915 4101 3940 5641 1662 8704 3006 3738 2323 3796 4919 7374 7815 1045 8799 4021 6221 4060 8654 8235 4949 2045 4571 5645 9723 7753 6097 4034 1171 4322 4952 9164 6487 97 3047 8270 5147 1928
107 6826 9922 6560 298 7761 5068 1270 555 6711 644 1554 1504 3083 5904 5987 2394 3465 3916 6238 3106 7791 738 6568 2427 5197 727 4627 4273 3869 1455 3038 1289 4286 7146 6608 5889 7248 2606 7372 471 4552 1097 118 3139 1477 502 3070 2842 8910 1739 1694 7635 4451 6022 3287 2846 9885 683 3884 3787 7067 4370 7080 1795 2638 1602 713 9188 4596 6882 3177 9450 7087 4736 4797 7518 5336 7185 3142 6497 8912 2547 6232 6380 1265 2976 1802 4829 5312 5883 2688 2504 5703 7574 2029 6048 578 8232 9477 8283 2795 4228 3694 1851 2071 7053 7411
119 3243 7920 3192 1378 6905 7428 4820 5754 86 7253 2783 7092 4941 3650 1381 8363 7294 5982 2663 7010 4307 8370 499 6350 1249 787 9018 9793 8651 1287 6001 451 4022 3658 8959 4966 5175 939 3885 6218 6370 5203 1751 9830 723 316 157 3238 7221 107 3189 3973 8875 7647 3671 2102 6720 3763 6982 1218 7036 6850 6063 1984 6172 1844 1251 2632 2830 6580 774 9923 8572 5541 5579 296 7043 8788 5818 3467 4711 7143 1633 6278 6745 4117 9341 498 2023 409 1831 1820 8336 4799 5033 441 7288 5569 31 5624 8978 2430 3676 7203 3807 7517 921 3829 5216 5563 8490 2877 1944 7425 2229 9816 1023 8247 2815
120 7766 4715 2431 1634 9418 2112 6103 3205 388 5109 1068 9584 712 3661 2868 7060 3621 8446 4000 6640 2001 2749 8372 8999 8058 9224 4121 1687 2914 2011 1555 7734 3476 9239 2211 9414 9817 601 295 3991 6601 5849 3502 6565 5409 1581 2449 5047 4580 7399 1296 9498 5938 4358 4215 9080 1400 7985 7845 2843 5142 5660 1369 9435 9268 2362 2116 2200 1697 7198 6975 9513 2756 5362 25 4018 8930 8228 1590 1075 1273 5143 5355 9553 3641 2990 986 6503 4408 5320 7422 8170 2303 5166 2556 5850 2478 7125 6027 5866 6285 7910 9967 1231 9581 8422 4613 7742 6576 7700 5802 8971 4917 2560 8934 545 4789 4241 2044 8128
111 2636 8460 291 8474 8219 2833 4600 3468 4672 1691 314 1474 1794 5469 7265 6369 318 884 2616 7922 1838 1472 7305 7894 4771 4975 6300 3565 1586 6174 5859 9984 242 2658 2321 4937 3726 9389 9403 608 1917 1330 1588 3668 4493 8130 9446 8928 6267 4582 3924 7474 6716 9679 8021 3992 668 8113 7524 9228 3629 9975 5373 2599 6440 9444 8827 3656 6957 2018 14 3788 8046 3473 8016 3484 1729 4062 1105 1574 1879 554 4473 138 280 4873 9721 3847 9189 2486 6205 2043 2956 9982 9550 7227 5771 4095 8748 560 824 6923 7514 4448 9866 702 7952 6573 8387 6559 7153
113 574 1643 4746 5238 262 8218 338 6204 9351 4085 3062 2360 5395 2432 270 6952 4342 7598 5896 8903 1022 6067 600 238 3936 4659 2811 1035 5492 1909 64 9019 9084 6817 2191 3516 1167 5398 4301 4427 216 6706 4394 7983 8766 5945 9059 746 8411 7380 94 6763 5195 4318 5947 6948 9634 3171 2106 4328 9208 1597 3253 4725 9593 8878 2217 6545 2367 9503 7330 2643 6806 9455 356 8531 1353 5024 2669 9761 4618 5292 9254 1512 8019 9703 8768 6638 1598 2467 2872 840 246 7391 5955 4825 1635 1062 9160 9610 6915 7921 9286 4895 2612 7639 5385 8406 9471 9912 3152 150 5368
113 7533 8069 6843 1706 7874 5194 4309 4768 8677 5646 6674 6280 5765 1986 8032 447 8195 4110 7256 162 597 1084 2345 687 8319 6191 9106 5907 6719 4872 1031 5158 2935 2652 6425 7107 5017 6542 6196 2251 6325 4636 7956 7443 8674 6858 7237 7352 4981 9931 1541 353 7216 4188 9260 4962 2699 9478 6308 9869 2761 5931 7754 9705 2403 1579 5124 5722 3592 7748 837 5684 552 9977 2695 8324 806 6760 6387 3854 1996 3551 9370 5840 849 9733 1808 8271 122 7704 7312 179 8809 334 2352 5748 3183 9964 4076 9437 4807 5685 984 9652 8398 2266 3272 974 7157 634 4326 2996 6805
112 4479 9041 3889 9143 2785 4355 8426 9458 989 4648 7997 1957 3193 1046 7545 3512 5735 1360 2164 2568 8464 3441 1576 5614 2677 1272 2436 5021 6059 3518 4882 3511 137 5329 6954 4251 8447 1965 496 4986 2108 6114 6082 4187 2252 6230 4973 4916 503 7332 8158 4641 301 5272 1240 4140 36 4315 1154 2609 2477 5283 5085 5018 6840 2356 2620 3112 8842 4655 7070 1239 6922 681 4781 4395 3968 6394 6750 4321 5343 3950 741 6121 417 9850 3442 4411 7277 3815 8616 3144 6390 6338 4337 8134 944 5811 1096 3164 5584 7099 9099 8003 6359 633 3268 6137 1493 7834 1447 1552
122 370 955 3051 583 8528 557 1164 230 1881 8567 9844 9275 4178 7118 2950 5575 5523 1753 6207 72 1974 4084 4336 8290 4831 4673 8866 4568 5589 3881 6141 3072 8198 6038 5783 1416 6233 8635 4043 847 9200 2348 8972 9371 114 1359 4914 5031 9474 549 9909 4801 7385 8511 8249 6710 9848 5215 480 505 2237 362 3893 8896 4810 3392 4234 4623 2169 9006 4105 4798 8066 1526 8169 5643 9405 6516 6013 4323 5181 359 5716 9812 7007 4969 7301 9120 19 3279 1336 9758 1837 715 3588 7671 8991 1134 6170 7772 3259 1540 420 4880 7870 2910 5521 6532 6220 3975 6703 9536 1639 5251 332 742 2680 3251 442 2729 2218 3046
113 7035 5284 7606 1507 2413 2063 4501 8628 6201 227 8529 8924 5463 7752 5424 3647 3091 8998 5872 7595 393 5851 9068 5548 6598 387 4662 4504 4890 672 8721 3915 9344 3836 5004 6596 3075 3035 9659 5706 666 5820 3753 482 8923 6372 4087 6363 5137 9225 6476 2077 2539 2584 7780 9673 6614 4039 7033 3290 4146 9460 8865 4769 1446 6043 2875 6000 3767 2619 9044 2779 5986 5568 8055 8253 7996 6836 5465 7886 9380 95 558 4272 872 1752 8830 9608 6199 9195 924 6367 7878 1787 5673 8752 327 342 7356 1945 1993 5746 7906 6862 3601 2363 8340 6226 1366 5461 2182 6945 2153
120 4525 629 2379 6589 42 8465 6365 7083 9555 6842 9782 1580 2567 5022 7286 3639 744 3769 5916 9846 6181 9832 8292 3589 6167 4456 938 331 7166 4026 346 8350 450 2797 360 3094 8310 617 7767 7883 999 1355 4514 2287 6492 4584 9368 5100 2759 7208 8899 4625 6211 8121 1441 4838 2580 4812 3971 7058 4174 6539 2918 1551 6007 5918 8800 8418 9219 2812 9508 2038 2475 1491 7588 1534 6788 6079 8801 5223 2997 4374 9374 7502 1721 1767 355 4751 6419 1651 9063 3744 2113 5892 7459 3294 6597 8048 3063 9972 5787 6692 8939 8992 3746 7724 7942 6728 8114 3962 5979 2672 4839 9317 1803 3 5189 7532 9307 5008
119 7787 1890 9116 9427 3859 1690 6570 6251 1936 6256 9069 4499 8341 5122 4529 9640 1318 8679 7421 2370 8790 9168 8496 8598 6881 9045 4614 8546 4847 8174 1895 1489 6819 5989 1128 2822 3535 2768 572 1020 3697 8639 5266 351 1471 9510 8384 2838 1184 129 3651 2583 4205 1640 8027 488 7967 540 3943 6632 7755 7105 1200 2098 2351 1263 641 6803 1531 5698 5530 1873 3874 2784 3921 56 9924 4824 2623 8538 3863 3607 6265 5434 8002 68 186 2665 9266 1406 6849 5313 3897 6024 7892 5826 8671 1444 3508 4047 797 9861 2433 9249 6438 7609 1083 5376 2231 9764 6997 1028 9005 9605 2845 2028 5871 1564 7392
116 9953 166 1711 3568 493 7941 7331 3282 7904 3602 5604 6374 5015 8295 6011 9777 4036 2396 8993 406 1947 9680 8611 8958 436 7376 2299 1980 3195 7336 7134 4147 3925 2157 6873 8683 469 4579 2440 7584 1253 1467 9836 7640 7413 6742 3813 9594 1827 8400 9996 5798 7193 6110 821 1644 3200 9178 4094 3570 1786 9675 3117 6834 615 4616 6898 5512 710 1648 7542 1476 1796 4257 6747 2359 1140 6263 9431 2972 5956 9493 6356 6139 3929 4324 3021 7270 1409 8953 3879 9399 6832 3586 7657 6702 1108 4540 8786 6769 5967 77 2805 6886 2655 1199 8117 6016 3149 6289 696 8938 7159 610 8506 7526
118 38 8918 8749 8356 5732 4151 4804 1959 4312 2938 3552 30 6295 3463 3886 9646 1182 8320 6679 494 4592 7698 4376 2709 1573 6180 1817 8214 4475 8272 4413 7554 4848 3760 7855 7205 8318 4214 6501 3648 6283 6480 1824 2693 3204 4977 4782 2228 4068 8300 4149 596 5542 8915 8989 7523 841 5797 9280 6651 2163 6065 8710 6656 4145 6104 281 9199 9148 8459 525 7506 3420 4999 1460 6837 566 9323 1695 2859 4032 46 1012 2135 8141 6099 6801 5663 9050 1620 981 8494 6845 2577 7382 5642 160 9055 1779 1992 1145 2419 4438 7404 2712 1150 5185 3132 689 7738 9926 6502 1349 6215 5474 1382 1763 9158
109 2563 400 9114 5588 886 8275 3049 5835 3210 3082 4403 9557 5378 2622 6435 2731 1625 6525 2033 6751 4443 5494 1233 6002 2107 7627 9454 7863 2943 9222 8274 5337 6973 2255 3054 6861 3768 2603 5951 422 6467 1742 8829 8381 8457 2297 631 9903 700 5306 5677 4701 9216 904 9250 9207 6863 6591 7652 7896 8491 2030 7155 5039 9998 6120 3423 2425 2988 15 8263 4942 299 6800 1771 225 5072 4767 7973 6108 3677 6240 7847 3669 6014 4629 3376 3370 7872 867 9161 3002 3390 949 1479 8785 228 1328 4516 1149 4137 6903 1332 5466 3386 8102 4044 1373 9858
107 4551 4207 3194 4397 5610 4620 6802 5253 6357 8702 7415 2346 2073 9538 9490 9692 5357 7247 3064 5694 4425 7241 5066 4743 2282 7743 970 3041 9376 599 1683 2500 7236 5417 501 9400 9156 9082 5661 7196 3850 29 9457 5430 2089 9860 8431 2131 1793 972 9231 2537 3825 8378 6158 6695 4534 5860 6894 9910 5932 3894 7877 5991 7759 8298 4102 222 6994 7793 3846 2195 8536 669 532 2236 6644 4383 6489 1025 7899 9716 7181 2574 2528 4333 467 3778 980 6287 8617 9301 6182 5393 8891 2118 9545 2207 8307 5808 8609 2314 6471 7469 2732 8210 579
118 336 6615 2692 9744 5193 7340 3937 9803 411 4354 1650 7447 7093 1569 5470 261 1606 4202 7678 8123 3269 7012 1099 1036 649 4415 5723 905 1490 8720 4116 6984 6594 1006 4653 8322 1138 5975 6931 7569 2270 8667 7322 1307 6774 4630 7646 2322 2678 214 2114 6631 6504 1734 163 3735 4414 4528 3564 1288 9546 6109 6333 7210 6411 259 3155 8064 8765 1938 4674 8540 4761 9804 3036 79 2188 3092 4051 7264 3028 8969 2853 3967 5369 5009 8229 2204 8584 8553 2834 6829 9096 2702 6413 6963 3415 4870 2397 7326 7666 3792 1161 8231 9304 8017 4652 6847 7454 3459 4988 7424 722 780 3517 918 4788 514
113 7706 5738 4583 559 2892 7333 1784 3095 860 923 4610 6780 1789 6383 5256 8532 5247 5029 3719 7439 354 9385 8604 9232 6125 609 3510 1659 1563 9588 128 6165 8201 2060 6089 3367 3009 789 4109 823 3213 8077 7797 6442 4488 1549 1317 2525 5825 1543 3794 6867 6977 3222 8089 9779 6056 5002 2165 855 717 9802 7643 4608 3414 1805 2498 9948 8902 2721 5281 9408 224 3329 5863 5053 2664 1124 4803 4097 7238 3817 8321 9635 3851 5391 6519 7873 3335 5133 1757 5510 4836 794 4421 2788 6152 4481 9336 9993 5431 9159 9665 8203 5349 7923 5254 9049 7938 5371 4041 7951 5570
125 4412 8771 7096 444 9244 3079 5885 9285 3994 8741 3173 1567 8261 6738 6030 9303 7800 8401 9246 1954 4009 3559 2041 3605 1828 7672 4650 1622 4195 2782 6684 5248 8250 6689 5477 3452 3325 1891 5077 3201 4106 2535 8761 2565 3795 7794 9410 4757 1316 1587 6937 7052 2042 7142 3927 9332 9086 7703 1016 818 3245 9642 8081 4563 5261 6783 876 2820 5734 2644 5577 749 8414 8073 4805 7186 4996 7641 835 9585 5806 2447 1238 3424 1195 3576 3593 3591 7160 2103 3179 6208 5580 3877 1166 4470 575 206 5400 1173 9561 43 8521 7471 7616 598 1857 7654 1769 728 8267 828 3320 1398 491 9192 1998 3685 7049 5290 8433 8501 8265 3831 5654
119 2922 3485 3010 5098 6778 664 5920 249 2767 7476 9889 58 833 5146 4366 5311 9453 5178 5552 1927 9897 4453 9036 178 5108 8063 1103 5680 878 8666 5402 4182 2334 7718 8816 5948 69 9037 791 4124 3067 6169 3449 7266 1743 2773 1109 4705 5727 2570 231 3469 9461 6584 625 9845 4940 9451 8974 9797 8571 8291 7045 169 8037 6857 8233 3108 1527 4658 7047 9518 7431 7418 7154 1488 2775 3074 4063 6708 6599 1819 9535 751 8297 1883 2027 719 6434 9042 1210 6058 6540 5501 5554 4469 4356 2829 1323 7898 1989 7955 4892 2201 9469 804 4281 4903 7690 4490 2465 9122 71 189 4002 7860 1994 8137 483
113 3503 1900 590 8574 5422 8327 5713 2232 4957 4360 167 8566 7917 1482 5910 3116 9377 154 3394 5467 6600 4518 8806 2515 1898 8403 4900 7782 5437 6430 2312 6468 5526 9991 6178 4878 6316 7825 3280 3606 8386 6809 4668 9257 468 4088 2741 140 2474 3366 102 3258 2505 9828 8120 8383 3340 61 2952 4524 6637 7184 4031 2544 5865 2985 7468 3739 4548 3439 7150 6456 9247 9335 8337 8762 7451 156 9218 5288 6652 1136 6457 779 4487 8022 3409 8038 7347 2471 5240 8187 4772 6590 5648 2439 3202 8264 6648 4522 7057 4232 6722 4707 3560 8606 7933 820 4093 3120 1859 5809 1726
116 2355 1755 1159 3821 204 3759 4861 4833 7722 8565 2727 5731 2093 5244 3428 3595 7839 2249 6772 526 6704 8085 946 1026 4185 6078 8287 9895 7618 7632 5690 508 4192 996 1339 6273 9011 3031 8789 273 6958 6299 1267 1547 8277 2488 4471 88 1855 2456 3857 4792 3364 8691 8733 8619 6391 9062 5243 4764 2405 9502 8734 6916 1864 7124 3412 8942 192 8144 769 9211 9999 5205 3730 6366 7073 7296 8175 6756 7682 950 2213 4826 4292 4822 3100 1910 6441 2084 2715 6713 4897 2513 8065 7538 6344 8313 2177 6223 4576 1913 4967 6619 9639 8071 6149 8391 5374 5708 8237 4992 5582 3431 5450 5687
121 7795 1201 2068 6087 4150 1429 2999 6036 2916 3121 8133 1628 618 4491 115 4671 8731 7258 9128 6544 2007 4129 6060 8486 4049 1237 7679 1558 4290 1246 4458 1636 2263 7905 5387 3784 8096 9604 9144 9807 6032 4562 562 5555 622 2867 6093 4574 9586 1941 5485 914 7423 6332 782 6473 5518 9682 9173 9955 9750 9959 3293 1506 663 9700 912 4832 8095 1780 3345 3642 9970 8615 2794 772 7370 4933 9759 4368 8189 6883 2243 1958 9215 6768 5042 9491 1044 5678 4436 282 6989 643 2022 3422 1375 2733 1494 1530 4555 5213 580 2745 2730 473 2728 6116 6028 4827 8905 7912 4932 8955 8012 7838 7032 3123 3615 6046 3946
119 320 7004 531 5801 431 6404 6192 9820 6675 8483 5869 8211 4298 801 5844 326 1990 891 7583 9205 2386 5636 4888 9384 5600 569 548 9157 3166 3939 7849 3157 7858 1985 4127 8304 1747 3712 1681 3928 5482 5184 1125 2800 1932 8983 7765 5496 3147 2035 8811 5607 8552 4560 1548 4056 6872 2816 4713 897 9312 8537 8257 487 3755 4982 2014 3624 6959 2075 2519 7234 3464 3221 2302 3674 3844 4050 2064 8288 3283 4779 3438 9623 7977 9002 6929 1995 17 2647 550 2446 6417 3679 2993 9569 8672 4601 1699 509 3109 8637 9127 7123 1160 5086 9343 8649 1520 2857 2598 4445 2503 5499 5688 7828 2983 9422 5943
116 202 7823 9950 1129 6875 527 8448 5686 1772 682 6498 1051 6686 6820 1418 7592 7245 8004 3633 6683 2248 3808 1104 5170 8630 4984 8698 7939 582 4296 3803 8147 5335 6823 750 693 7144 6671 5406 1152 9315 9843 2342 3890 6764 4809 5163 5498 7625 8807 5134 9834 7913 434 1202 9162 391 1560 1885 407 4959 6446 4386 1850 8207 1196 7965 4682 1562 4437 4837 180 4349 7953 5429 9943 1248 6436 567 5810 1283 4980 3966 6865 1137 9121 9316 2336 5941 1840 8035 6969 5969 2789 3296 6513 2945 7774 9258 3107 2674 3145 9930 3995 8602 8339 6782 256 2166 2244 3084 9741 4784 2398 4037 3148
126 692 4126 1278 4530 1486 7042 6312 2473 6603 3920 3610 7562 3211 9852 7255 8585 9879 3297 2964 9528 3635 6224 4096 4484 9539 3623 4486 5464 9182 7681 7293 6106 7736 7721 7864 866 7235 1102 4950 9530 7104 8894 9951 8716 2640 6824 4288 5785 6327 7637 3912 4311 1229 8132 9401 2588 2865 6092 2946 8076 9295 5696 1468 6567 9025 5536 8850 7479 1457 2376 4249 1230 3709 6841 7950 6465 6625 4553 7565 3860 1095 2242 7612 7623 343 6870 7723 4072 3080 1475 7822 4045 7775 1001 5705 3328 237 4348 5742 7192 9570 1464 5032 1017 9560 4708 537 9628 5188 6313 3917 3798 9023 4120 753 5717 4908 3119 6906 6700 5964 3867 1403 7990 13 1386
115 1546 6326 2173 2711 9954 2911 4786 4921 7189 2119 9150 2581 3638 5149 8724 7711 6008 5911 4723 4930 8518 8857 5432 7482 6629 4055 1220 5999 2185 4698 1117 3653 412 1443 5581 6494 7926 6678 9778 8847 9064 1667 6343 5315 4591 5958 1465 564 3199 657 6136 1832 5606 4793 9289 49 1665 2408 4017 3742 3665 9602 9264 7959 9664 1427 7694 7165 5993 4938 2172 4226 1912 8700 383 9240 8729 7306 7461 8984 7687 6785 8166 626 1679 1496 6685 6518 4717 1792 2975 3907 5942 5957 4015 2350 9756 3291 6450 2156 6918 2961 139 6752 6628 4373 5662 4912 6177 9900 5186 4118 6833 7390 4699
114 147 1148 865 9078 8407 74 5995 2308 7567 7319 4418 3395 6237 5302 158 4169 3873 9774 8072 85 2967 9631 5475 5159 2802 3942 8711 979 2858 3749 1432 844 7297 443 9904 6399 697 1208 2311 2418 8947 6421 5906 7993 329 2746 1341 2138 2416 2246 7257 1395 6735 5089 4688 1487 3455 8994 4387 2928 4685 1203 6534 4227 6009 4970 161 5056 9720 4164 1179 9650 8477 7699 3472 7226 8757 2496 2268 5672 3405 4607 9383 6642 251 8423 6988 6794 4683 7046 8488 8500 9867 5218 2428 1126 4206 2979 9032 5817 8657 7856 2099 9103 9489 1057 3720 4352 2257 8439 4289 3805 4856 9485
116 640 268 4951 7337 4300 8043 3652 7466 433 2582 5789 7496 7510 3933 9790 4758 3289 8979 9888 3013 135 6510 3947 4416 5560 834 2349 1848 6855 2259 3237 5414 1707 5123 2305 7280 8636 2710 78 9504 9492 9047 7314 5857 4390 3583 3830 1003 6655 6643 2357 136 771 9815 9745 7141 1163 3104 1698 6070 8740 8325 9051 7274 4691 4572 8556 646 4372 6561 5699 2426 8316 5103 1689 3956 7209 3218 6236 7378 8380 8773 4706 2808 7843 9048 8504 3198 5180 9001 1759 428 6479 5597 5287 7788 1717 7149 2931 1964 5128 1714 8515 9134 9356 1656 8079 5209 8379 6042 1672 4057 1614 4624 1413 183
111 7481 1085 4948 7044 9987 5650 5088 7445 3525 9167 4922 1934 3718 673 7120 126 1445 4841 4306 6509 5847 651 7130 7369 2831 2057 7346 9393 395 1513 7465 350 5934 4230 205 1292 3314 1593 5198 9884 9565 4071 1340 134 9717 1724 4904 4505 9690 9806 1578 630 144 4749 9242 9989 5509 1055 8718 2003 2817 4544 8694 1804 9724 2750 2468 3403 9484 9442 2125 8221 6015 9012 2650 2227 6407 7901 2233 6968 1703 2020 335 8424 4565 9179 3404 2594 8371 100 4190 954 8101 9271 8281 7132 4748 3143 5612 8416 8588 3858 9620 6947 199 4766 8394 6329 2924 5514 4
128 9274 7377 6179 8877 4082 9719 2818 757 6187 3699 6627 5551 62 2457 1756 8142 8920 479 6653 937 5665 1252 2949 7936 5380 5534 9302 3781 7808 777 637 6127 8732 9003 5155 8199 8814 9780 543 8309 3496 3783 8509 9354 3618 4558 2058 7587 8236 2055 5747 752 8607 9392 96 3509 927 4520 3774 6556 3777 5267 7504 6266 1631 4379 7865 7837 7829 6115 2443 3741 8268 3926 5736 8808 1704 8858 7470 5145 3752 3140 5010 235 7207 3068 3197 4860 9637 1157 6907 373 2769 2593 3855 8961 1338 2206 6967 7835 6551 8505 8852 7601 9568 6979 903 3728 7259 4163 5107 3682 2245 6143 9 6458 6999 7163 2369 3931 9314 5457 446 9016 8360 4389 7520 510
119 4733 4494 8177 2529 8990 6795 5360 6508 565 5763 5903 2891 6981 6262 1882 4345 8517 3418 8897 8823 9589 9212 2738 8725 2977 964 5025 255 4222 8744 27 9746 4461 6297 8793 4154 9512 2862 6732 8183 1192 5472 6910 859 2848 2974 3693 9340 4843 7903 3281 9768 9636 8881 1069 7854 2083 7066 7841 5 2681 6080 7037 7179 1155 3839 5279 4161 961 2490 839 2970 7082 3417 8410 5200 1198 377 6443 1505 2882 3539 8311 6472 6602 9468 3040 2024 8714 5566 7078 6284 1453 5154 1621 2333 7041 8841 6405 4902 1791 8080 8913 7907 1892 7540 9699 737 4821 8523 45 5635 1236 1038 3901 7300 3306 8932 3302
116 1247 7792 7158 5812 595 2912 1438 5573 8489 1217 304 6378 8658 5113 2879 8701 8305 8586 2511 9126 7054 4987 1846 3572 9165 116 3876 9599 376 232 5564 3542 9908 2595 2776 6319 5905 4046 9580 7591 7919 4156 9196 4794 1539 5565 9027 977 3698 8359 5016 8493 5078 8399 5843 264 6293 9034 2995 6055 5790 920 8977 985 1710 5972 2886 3124 7776 8230 8129 6563 151 8443 1647 8608 7412 3574 7769 6420 110 328 3974 9223 8176 7249 6483 7214 6581 3775 330 3627 9472 1061 6942 5242 9976 3161 8498 9966 6611 6765 8784 219 396 1086 2285 4669 8640 9886 3984 620 2461 6787 9073 2766
109 8100 8060 3305 5118 2736 1119 7596 8149 4444 2524 4633 8205 885 9707 1315 3521 792 1700 5168 4989 817 4612 7029 7660 8245 7653 8009 7229 3688 3883 2294 7251 9769 7966 2061 3875 1514 3754 6755 788 7020 1187 1347 8338 5411 8595 2009 8110 768 7530 7972 2847 5667 9876 9772 7686 2499 3061 2296 5330 4577 7667 8510 5460 3190 1027 405 7324 9981 5423 382 8354 4410 6940 6793 5894 6216 21 5721 4119 8802 9805 8243 6259 1673 2925 3165 5593 7539 5880 6200 6270 9413 930 1326 6098 9318 399 1042 4887 7180 5440 6255 3562 6709 378 293 8605 3779
116 6579 8453 9235 3687 3474 2313 2186 3765 3713 8627 8933 7568 8361 3128 9654 3862 2298 9531 9245 1516 652 6469 5132 8212 7449 3055 8455 1923 8023 3003 8115 2569 4260 2708 3733 6449 9433 7827 3372 5152 7645 7617 48 888 464 3316 9113 2381 5366 3207 3941 1041 1304 3304 9766 9971 6571 7512 7460 6314 9139 9281 8777 4122 997 6893 2026 3216 3396 7817 4702 4417 5310 3461 3530 8323 1884 1324 9373 3451 9644 3523 4533 121 3681 1319 6877 7988 2648 2254 1727 8796 8940 1762 1458 748 2668 9396 1405 1646 2309 893 5057 5970 7602 1815 4634 6723 7900 5599 812 8143 8625 6459 6919 1186
119 5230 7367 6511 8675 4155 5341 8629 533 7183 1613 6889 877 5620 4200 363 9781 7408 9961 7102 2256 3675 3600 7074 6302 9402 4598 5879 4218 6901 7824 7799 900 7784 5618 3786 6505 5212 5051 5870 1420 3042 6461 1930 6154 2889 3096 5227 83 7478 5638 6484 6277 9670 9686 2522 5452 9333 4186 5162 372 7398 4796 6804 2088 718 2146 4330 2325 8033 9712 7655 3905 8487 2617 3308 9166 9725 7642 9017 4248 2637 5971 1821 5537 4420 5927 2466 3313 8084 8067 7317 3750 8594 3711 5508 279 2366 257 1609 799 9718 7851 9600 4645 4259 3077 9039 1722 7100 8844 1937 105 2629 1557 3963 7708 1626 5651 720
124 5649 26 3955 2087 9574 8861 5539 3410 4065 882 2212 2167 4773 2963 5804 8644 6004 2120 4392 4546 7090 9543 6175 4460 5770 1624 6183 3528 1212 9590 106 1321 9061 756 4911 6838 3267 82 7844 6699 1113 1903 5868 5767 8197 142 7056 8589 4531 3724 6428 9443 2661 8656 8838 2725 1668 7638 6909 6814 2835 3868 3919 4874 3000 1346 4069 9658 7452 6272 4245 6825 6624 9625 5316 8968 9473 5666 7219 8871 47 8525 3398 8618 3587 6658 9234 5265 3806 7351 2656 3683 685 7127 3612 1686 1718 9353 9607 4506 1973 7441 6486 8186 2803 3457 5553 5120 4115 6578 9572 5449 8047 1466 5985 3005 856 5950 6609 5533 172 9110 440 2437
119 7505 2953 9420 1962 3361 9833 7935 5839 8568 5117 6583 1194 541 4108 9325 1014 3071 2223 7840 7034 7204 5136 1440 4849 9298 4830 3820 6210 3717 803 254 6025 6904 5522 5992 371 8696 3631 3578 9071 3822 6482 1065 4840 9893 6310 4845 278 302 9423 8054 2552 948 8364 7335 1242 9715 9619 6389 3505 4998 3360 4539 2147 1544 9419 9898 4194 4968 4183 9693 1404 7131 1389 218 5538 9123 8995 2079 5083 9077 5036 4100 410 8224 1880 6533 8045 5379 5299 153 9919 5012 523 380 6523 5741 1584 6252 7231 9412 8599 7492 2392 9786 8686 3163 9201 862 5592 9404 4157 5772 6749 3900 7648 785 3097 9927
