5 6724 6735 5090 656 4887
6 3442 8425 4184 4207 2982 7110
6 4078 1773 1869 6475 7174 5982
9 5970 567 6053 3875 3554 3583 5228 6896 1880
9 5424 817 3989 6409 1797 6580 7746 7693 2053
9 187 696 3601 284 1634 5690 2652 3930 5903
6 9514 8630 2915 9830 7662 2591
10 8292 3257 6547 7994 7096 9263 9641 3228 8662 9377
9 9698 2106 825 6818 8059 8546 2693 2621 1555
8 585 6110 7379 8973 3261 2095 6344 1855
14 7399 4706 9469 3739 7882 2706 5405 8659 8926 4062 5026 9541 3962 2430
13 8703 789 9030 8419 4409 1215 5557 7176 1831 4651 7529 9911 9868
16 4435 7512 7975 3717 8093 3051 1686 380 4045 821 3133 8296 2898 1292 1774 9287
10 519 7293 4170 6327 5779 3057 7162 3315 1004 4796
18 5222 5500 9045 417 2635 9681 2482 6871 4326 3623 3829 7234 275 3556 7842 8749 4890 4646
16 6418 5721 1186 9171 8188 5576 6081 3909 987 9000 8871 8450 5442 1337 6542 2939
14 7188 8629 8309 6550 146 1331 5457 4105 4907 1069 9038 4014 1048 1339
19 2869 5743 2198 3445 6023 7535 1644 7197 8486 9073 2086 3761 5305 2345 5470 6859 5175 8969 6960
21 2571 8489 2975 168 9289 942 9604 9731 8631 2648 4689 7806 1045 6772 1720 3300 9331 4322 7107 9091 1140
16 2917 1323 6951 3602 9634 8368 2217 8652 382 524 1396 122 8009 6678 1119 8330
21 84 7889 1142 4703 6842 7710 5584 5837 9132 1455 7984 7415 2191 6363 3977 4997 3878 4038 2085 6948 923
17 8640 4387 9282 439 3594 5069 9981 8938 178 7301 9496 5076 3859 7659 7077 692 4471
23 2465 3546 4200 8351 8823 596 5503 751 5866 1152 8970 843 4293 281 5959 1911 7440 37 1402 9205 4135 9867 9360
16 3307 2166 2147 3022 7663 3117 8981 2702 8843 320 7164 6130 8997 3130 1395 1626
16 8731 6135 7314 4202 5662 7239 3905 6775 5786 2841 9490 7627 4746 5166 2757 7482
18 273 5218 7224 1655 4141 7092 8037 2320 9952 1391 2568 4677 3694 9366 9821 9233 6928 5478
19 4525 6794 4575 6420 8747 1884 6272 7745 6589 252 8638 463 8620 9784 6116 9239 2236 905 8047
18 6160 7082 502 8614 6652 2473 7456 4969 5684 2910 202 3597 134 7734 9221 4936 7910 5067
15 8787 7677 6265 8868 6538 1902 5043 709 9284 4249 2373 7796 9592 958 1000
16 8189 6455 7666 511 6402 9165 6784 7411 454 4074 5909 1322 4210 9211 7027 8422
17 8559 6740 3830 9654 4029 8742 4344 969 2906 7592 6905 8743 7205 7502 399 5122 6527
16 3743 2006 720 5626 8187 8671 9858 8617 6163 979 1561 2933 9444 1761 4902 8824
6 1353 8209 2401 4011 1744 4321
13 4377 477 3773 8521 2856 1102 8379 9948 4819 137 9006 7237 8563
20 4143 7398 4833 4720 7434 1845 2930 4256 74 7873 3790 2846 7949 4121 3776 9237 1566 5168 964 9515
12 6633 4352 8998 3751 928 433 2793 8525 4816 4715 2475 1998
14 563 3338 8220 7498 8051 2229 8460 2715 1850 7802 7272 2063 3023 9693
18 1269 5466 2605 3566 3993 1886 5622 2270 294 2374 5092 5658 684 1525 3943 3301 4253 7522
12 3817 1447 499 5250 5635 5350 7622 8241 8045 6447 1174 3367
21 4894 4583 7927 9297 8766 1863 8445 6643 177 9900 8542 8953 8193 1255 3645 8661 5098 2945 6318 6947 7773
21 549 7180 9602 1200 1777 3789 617 9475 2661 1109 1110 5009 121 1930 196 8268 4916 592 8599 558 2620
22 1315 2738 8548 1904 1201 2409 1496 7732 3793 7769 3507 6462 2994 6891 9725 3568 7547 2733 4234 3711 6230 4325
18 9563 7230 4630 6220 2041 4645 6399 9222 7532 397 6391 5039 2694 5929 2861 7392 8181 8596
7 8773 7940 4457 8186 7944 2960 6517
10 4829 5815 215 2467 1736 693 7620 1554 6372 4483
18 5497 3049 6068 9286 8856 9116 4007 8882 4664 7150 5994 7266 5692 5715 8627 1781 6129 3491
27 741 627 8224 4558 2686 7253 1613 9133 9822 3421 7145 6389 8741 6423 4805 3356 1999 4512 8381 2494 8362 3582 8476 4738 7332 619 835
5 2313 8323 3381 5475 2528
7 4601 7186 1778 7483 3404 2414 5071
3 8342 1192 7678
27 9976 1492 5089 9586 7883 7232 5422 9033 3345 1521 5465 4924 6821 9407 1767 9155 9355 7461 6838 2447 5149 5736 2155 4589 8240 3041 7600
19 2061 6329 2511 6360 6316 3116 4990 1738 5603 6930 2842 7749 6839 5073 7650 5625 5349 2590 6753
20 4309 4873 3572 3263 497 9497 3759 649 4031 4871 5105 7305 2498 5031 7757 3982 2851 3187 7844 8000
21 9393 3005 4935 7255 267 4139 1239 4888 8164 485 4800 8798 586 7918 5005 3 2396 333 7285 22 492
15 7799 4648 2649 3502 6089 4415 8895 6581 7510 2269 9099 7100 5195 1574 9910
27 1724 8792 2056 8194 8353 244 2810 352 6103 4282 1104 890 3925 3293 1277 9727 7292 6996 9547 1165 4631 9204 8852 9308 3183 9051 6018
20 2008 3951 6192 4807 32 6048 6336 2527 9566 8801 4072 6085 9758 2478 1286 4333 4745 9501 7694 3861
19 6466 9733 1100 9874 2167 8795 552 7041 444 2220 1197 4802 3077 894 3508 7930 3599 1130 2951
19 4742 2296 5710 8410 1601 4065 9624 8603 5462 1591 1814 2398 6061 9584 9460 8829 4239 5840 1545
14 1097 7435 6786 1527 5957 8772 2952 6196 708 9539 7633 8373 9436 7206
21 5716 5948 3910 9485 9345 100 1349 6967 9809 9975 6268 9644 7630 6578 1572 9422 4669 4252 8340 2005 1022
10 4679 3119 3970 1862 2866 1836 6568 3876 1366 1956
14 7013 1411 676 7418 1291 1167 1548 5270 5789 1673 78 2704 4702 1284
11 8758 3430 3936 3911 6136 1362 504 8943 6664 1242 1808
24 6541 864 8338 8146 5477 4940 2771 6422 7988 2122 6681 2561 7788 7651 2024 6105 3935 972 7367 9063 4556 8386 2824 2669
24 7109 8254 607 3940 254 2192 30 2958 7006 3894 11 1466 1314 4621 1446 1906 5993 418 3728 1849 4230 1764 3158 3588
17 1879 4455 4980 8637 3885 4245 1146 589 2069 4991 427 1095 1419 2794 7042 9635 455
31 3988 2536 7406 7602 290 9819 9710 7636 2753 6587 6374 1016 5317 1519 3979 8779 6522 5274 9363 5594 3214 466 6992 3412 1759 9898 6250 1115 2457 2253 1573
16 9305 9405 6004 4225 9613 1381 2088 8287 3823 2968 8604 5223 7577 1390 5318 4286
15 6656 9306 9631 2497 5012 4854 9044 17 6289 2487 6015 7660 6294 1312 1562
23 7952 3208 5295 5054 233 8108 7076 7848 7897 2097 4619 2371 6617 5641 9961 1462 7052 4795 3440 8311 4277 2200 7881
12 6815 3918 7804 8819 6395 7667 323 7343 8282 7136 3863 5376
28 7657 5808 9267 7196 1245 1620 7829 716 544 2557 5664 151 5154 3027 3844 9594 6846 6640 522 5947 5488 1708 1858 2908 926 8226 4729 8480
29 5649 3468 930 4130 9408 6476 9632 8533 9611 897 459 7817 15 7062 7743 72 5911 9902 1926 2834 7815 9404 1793 1021 4610 9808 5202 7138 1015
29 7965 9820 7585 7876 3740 7692 9394 2556 1872 4824 255 9571 4660 386 8136 5396 983 3888 1253 6214 4438 1374 7374 7596 797 70 421 5978 1210
16 4948 6741 4875 846 6357 5375 1250 3062 23 3071 8139 7228 783 7537 5312 3631
25 5381 8739 1218 7226 3433 9897 6333 2272 1428 2740 6975 2175 5747 9056 2687 2202 8734 2188 8006 8270 2822 2257 9577 3500 465
23 4536 8715 5920 8682 6886 9564 4744 516 8494 6120 6696 8705 6861 495 9489 6668 6646 5561 1379 2886 770 1698 3347
30 5406 5875 3317 7557 7152 853 9062 6962 3811 5163 624 7259 8141 1125 9348 7982 7299 2295 6126 2666 8658 6651 6592 2353 4928 2637 4308 6569 7123 710
12 303 3579 2957 9926 9483 7854 4181 6993 5588 2785 6051 9906
8 4494 6493 5996 2973 210 5091 6644 8350
11 7640 4959 5983 9798 6074 9591 9296 430 4267 9834 6434
30 2828 9691 212 4658 3721 3102 3609 8510 9379 8918 6857 6211 232 77 6204 8549 2204 6309 4131 7225 4116 2746 7955 9955 6895 5731 9942 8211 4606 2529
17 5693 3608 9072 6556 4578 2433 8764 3736 2454 888 705 1812 8174 2013 4785 535 7899
15 6321 7194 7832 2003 2676 6945 33 6144 1133 3460 3184 5644 5162 8008 6060
10 3321 9021 2800 5893 2759 3745 3180 9494 6911 7833
9 8950 2512 2718 788 1149 2193 8156 7356 6917
27 8213 5746 9385 5756 9832 2434 2817 6484 4449 9789 4263 9358 670 1840 256 5389 7397 1786 815 3242 9332 3526 9124 7423 7051 9601 962
28 9847 8484 9495 5777 3783 4704 46 990 6593 6248 2246 3163 2144 9085 7090 2381 3355 3283 3037 2503 5144 9203 2196 5159 2267 7676 7766 1139
28 9550 3325 6971 5844 5835 7726 2164 2444 7865 9498 6722 771 3142 6014 4187 4535 2336 2403 5414 2650 1703 2522 4510 7725 4140 1701 6853 406
18 6002 8965 6910 6396 8471 3198 3399 9664 2469 5229 2070 5894 1607 5735 2170 5003 9354 2441
23 6694 7319 2783 4115 5453 9158 5193 636 938 490 2125 9718 4964 9683 4827 9791 5509 3337 1663 5647 4883 9184 6487
31 2576 3990 4848 3199 5783 102 5724 2602 6331 2043 523 1639 3210 7178 8933 6682 8976 8359 3960 8651 6351 344 7517 2647 4923 7144 6621 4363 831 5293 6453
14 24 9347 9627 4830 3054 5124 5913 3230 9750 763 16 5817 2814 5230
16 219 7451 7372 2537 5511 2600 2741 4541 9570 3746 377 6582 4329 3028 9909 3422
18 4842 8055 1959 7787 4585 8259 2119 8560 2924 883 8026 8788 4700 8216 5676 2300 6650 8321
11 1135 3767 264 784 441 5024 1517 6481 7758 1191 5606
17 5304 1651 6879 3635 243 5518 5965 2488 110 7437 4633 7617 9887 1295 4305 7393 4374
29 6663 6189 2293 7430 2896 6182 1762 1746 6283 6367 2948 8312 4832 3213 3714 1933 5136 5496 9697 765 4670 7544 440 7242 7069 5508 1653 1547 2843
32 4586 2784 8440 1503 1175 4318 4786 6062 8062 7764 7830 6223 2370 9292 6970 8961 5117 6286 8584 4368 2895 9883 8387 5 5469 1043 6317 4680 5439 327 6997 3032
12 2384 9231 9293 4198 8172 8068 9989 8221 6761 6594 7615 8433
14 719 5352 9684 9234 8263 8075 4594 7614 4317 4052 4728 8612 5390 4292
26 3253 8158 1564 119 1272 9065 3949 7387 4653 2907 4470 6306 4000 2678 9674 5587 2801 1954 2334 4908 2628 4752 302 8654 9176 316
16 6695 5727 6239 1986 7442 330 8951 9364 4838 9519 4998 7029 9608 794 4803 910
26 9707 5615 5369 8464 9872 9576 3439 8028 1715 2535 5872 4518 3416 8361 5320 8050 6229 6995 6564 6464 5363 4180 2372 3335 2922 2544
28 1735 8021 8207 6742 4297 5656 3802 3326 4398 2558 2156 3476 3547 4582 4217 806 4464 9835 5793 359 4097 632 6577 3312 1007 7163 4530 8430
14 4882 5990 3510 1628 8831 908 8160 65 3550 8400 9026 3088 8641 1805
18 580 9685 2657 1997 9512 6101 5838 1143 1236 2416 3822 8781 6899 4753 1400 6124 3857 9916
8 5902 2791 1208 2264 2990 6332 5969 1559
30 55 2942 4196 3411 3058 9492 2551 4099 2505 6737 7316 7920 3007 3070 3295 7935 1029 9941 4992 9748 8317 6999 4961 2342 3630 4817 4189 7845 4261 2463
15 9325 1113 3068 989 9954 5463 8423 8392 6011 4203 8905 8622 2103 1247 4103
28 4637 1630 9320 47 2245 2077 5267 4709 2290 7931 1598 3127 2034 793 1073 2431 3389 9148 4341 2701 7038 2953 9439 6991 7742 6400 9417 7410
27 8420 6877 4761 507 4764 2044 560 5861 4397 1944 7987 3847 9163 3573 4487 5171 5950 2255 7124 1483 4313 2705 3423 6183 4390 6 9532
14 9409 2603 3424 3017 2212 8478 42 5531 6508 2136 4275 8611 7565 998
19 6198 6123 368 5382 28 6224 687 2863 9032 7589 2575 7283 4671 2326 1972 4731 4315 7533 7825
20 9187 5744 1955 8554 7698 2140 9761 6407 1246 7071 9126 2435 1957 1380 9061 6723 2929 7307 3274 7795
26 117 9402 206 839 1963 2997 141 8695 2260 8644 6757 4213 1532 2179 2040 1695 5103 9932 5010 7878 6990 8923 5348 4393 638 4445
19 8520 3029 4080 7444 1623 7199 7022 3768 1928 7539 4650 7268 341 7814 1898 790 8352 4311 1636
28 2429 6752 6003 1508 8110 1565 1725 711 7516 9882 1393 8334 581 5217 6827 3401 752 9903 7157 4640 6368 3715 6330 5839 2361 8044 994 8910
29 29 6658 9255 8816 8791 2464 6270 6597 379 6808 8150 5810 9092 4351 3059 6759 8907 9857 1916 404 4488 4022 8452 5434 7481 8519 4133 2862 4392
25 4150 1024 6765 4016 3616 753 2653 2386 1098 81 7037 3278 4335 3045 1388 6431 6949 9807 4183 4182 8095 2310 5361 4553 4042
30 6228 2357 7638 9382 8653 3663 1676 4163 3851 52 1179 9607 6231 83 3473 6312 1229 6226 9661 4721 4945 6623 9434 5741 6057 2252 6637 8138 4751 3204
27 8578 2480 3754 8746 4642 9141 6157 2844 6171 26 2358 5456 5216 3956 3577 8349 9618 7084 6797 7439 9885 4861 8384 9669 1161 9721 4592
3 4644 3539 6285
31 4855 3527 7792 3833 895 4749 3775 5400 5514 2612 3075 7222 3135 5391 7016 9009 9957 4524 7839 2443 532 8623 4946 139 8636 5896 8607 925 9918 2165 224
33 9581 8699 9078 4826 6454 5187 4171 6380 369 7503 2867 3231 7045 7389 6779 8550 7507 2950 8010 8946 7969 2437 3670 6624 8457 6022 8333 436 140 1398 3535 9616 9172
15 7877 2026 8588 5158 9100 2240 4433 355 2319 7972 1327 3153 7586 5931 8874
30 7401 7156 4194 3066 506 6969 646 3530 5782 2037 6926 1420 2631 3351 8129 2093 6707 8170 8839 9468 6017 9905 6010 4142 5935 1153 5047 5499 3279 5415
13 7561 8376 7648 4107 4493 6251 967 7493 6515 4337 869 7017 3656
28 7429 3236 4112 655 3840 2060 4485 7043 7729 6932 6179 3799 2607 4456 6642 5314 9110 5313 512 2279 7385 1780 743 1032 2091 3235 5703 7458
7 2774 9459 6349 7214 2847 750 1722
18 9901 5654 8835 2112 7284 25 8427 9443 3004 3248 5750 9010 3349 9568 818 1244 6919 3562
28 3580 7129 6669 4404 6703 9527 4913 7466 6279 6104 3570 4075 4251 3262 1989 4212 7652 8887 7400 6500 6295 5493 8663 1495 3388 6595 1454 5551
27 5769 7687 4635 1240 3220 9202 5853 5701 2667 2525 1193 9881 5201 6059 3447 946 2104 6314 4362 7295 8165 3324 8893 4570 2830 4695 5629
14 9675 3640 3779 57 2754 4070 1289 2855 8468 3581 9552 5474 9097 8957
11 7119 7575 3536 5687 3504 2517 2114 1987 2815 9827 2755
11 5860 8227 1582 7981 9217 9960 8959 7349 4160 3929 4683
25 1515 5858 3403 615 4405 3477 8785 9151 6907 6864 2383 561 9880 8115 7419 8776 3523 577 6823 4774 3703 9499 5057 9977 3284
29 9619 7198 9806 8285 6903 4205 2979 3203 8827 9089 6134 1907 518 6036 2308 9509 4023 7780 450 3019 6394 2683 9446 6461 2210 480 5443 7943 2845
9 6900 4223 4867 306 4811 6533 6266 9013 1705
19 7463 8149 6155 6718 6474 5650 6989 9186 7519 4837 8919 3766 8971 2554 2730 68 6507 2606 9227
20 3471 8848 6536 1685 9127 64 9195 97 8339 8111 5492 6828 1829 7251 143 2961 5536 5874 5939 6191
30 8204 5112 4421 5347 6398 3194 3181 5160 715 5074 5256 5289 8027 2713 5042 3593 4647 6655 453 1990 9828 3344 1895 9162 1526 6700 7024 4977 432 7601
18 4379 7471 8786 6186 5627 4659 896 7730 9156 6197 1785 7359 7995 9787 2502 3965 1226 3664
13 3647 6274 7921 4849 1704 2582 9986 7954 5798 9971 2773 4987 8089
3 2278 2736 7376
19 4618 6654 513 7102 8079 6034 8642 2802 374 8869 5033 3499 130 6848 6463 1274 9840 6782 6260
18 1815 1635 409 6645 1365 6956 2362 4588 2186 8972 8900 1157 6986 5659 5563 8625 7649 6113
15 6403 1949 3958 2126 353 2314 799 9508 7990 1064 1892 307 8163 9196 3825
14 5445 3276 4467 412 7807 3072 9863 5032 2873 6776 5524 6091 6233 8730
30 606 2589 4164 1830 9557 3701 7901 9381 3155 1700 5534 880 2923 8299 3841 2526 9704 7072 8668 8944 2965 6100 8409 6256 3942 390 131 5873 2677 8862
28 9913 5954 7246 6133 2543 4989 4236 5329 2601 9724 5569 2729 171 9939 4165 3777 9029 8885 8528 5467 9875 5030 9642 900 8499 690 3984 2329
20 6039 4965 6605 3145 9848 917 53 3419 9500 1164 5056 8684 3899 4691 322 7238 8861 1293 1456 5848
13 2247 4208 3362 3292 4237 5134 798 1444 4783 2812 9451 6016 5665
22 4758 7020 6296 3105 3795 1491 7628 2105 2745 8245 2439 3625 5986 8863 1918 8704 4381 605 4500 6514 8238 1304
19 7709 3891 6836 7085 6575 5287 5951 7837 7103 9701 9823 395 3474 7453 7264 9058 188 1718 8947
30 3692 1734 3490 4782 9738 6222 5452 8257 8288 4012 4768 3924 7402 2451 1988 2655 8201 2579 7338 7919 60 3140 8090 49 4354 6881 6257 1202 5225 8543
26 7475 7455 2523 7243 2382 7840 1369 9561 6297 5301 9687 819 9826 8234 5733 6588 1616 6852 3034 182 9365 2638 1120 6998 3890 7182
30 6767 5060 5554 3816 7277 2781 4593 2355 7513 2174 9226 5372 3157 5486 1424 510 2611 5052 9665 6988 9663 6099 5515 5130 6007 1403 1472 1261 1082 1084
35 734 1984 3368 2425 6764 2000 2919 7171 3785 8018 1643 7361 1203 5559 2501 4489 7007 9268 4710 154 4903 7853 1321 8853 5754 8716 416 1234 8461 3369 5791 5977 3069 7311 5865
14 2735 7287 3461 7446 4520 5597 6079 8496 9534 647 2943 3087 7826 218
15 1005 9463 5887 2235 1667 8112 1352 3205 8968 1085 9521 8838 2816 5776 8054
31 1305 5227 1674 1313 856 5751 8094 9655 9505 8058 7843 9574 7587 3449 5104 859 5681 2218 4565 8526 5618 4448 5940 2030 9606 2993 4501 8589 1354 4220 4040
13 8564 6377 6154 80 1188 5321 2344 747 8365 6955 298 3043 4338
31 9626 7104 2495 5668 6966 3124 2076 4497 3675 396 4247 6677 6680 5364 7790 5072 3387 3081 2258 9488 5871 5869 6702 9057 9781 6944 2318 2998 8046 913 3120
29 2944 4661 9105 8989 992 4713 7558 9896 7822 865 7624 4248 1688 5919 7003 8248 1577 9149 8013 4382 4917 7597 5048 7426 7946 2880 3713 9309 3313
31 8102 5487 6202 5621 376 7263 4756 7169 4879 5310 4211 5770 1264 912 2546 6897 8258 1485 261 8669 291 6653 9193 5773 4231 6958 7590 4350 8690 8884 3264
24 8587 9087 3603 9951 2333 3732 7477 629 2415 6041 4453 6743 4625 9884 1682 723 8975 3206 7593 9653 7484 8948 6322 1359
26 3667 1689 5829 7884 2207 7256 4958 826 7679 2977 3731 537 8325 2213 471 7280 620 3109 5800 7089 3084 7358 5753 5264 9545 4281
29 1992 6849 9012 69 5719 7494 5241 4696 9812 2680 7754 4821 6235 9378 9643 8748 8750 4597 3689 2918 4943 3464 1484 5974 8942 3787 8508 3903 5723
28 8271 5856 3991 9353 8155 8298 7933 7761 3895 1979 8760 5768 6451 7599 1622 4831 7408 5739 1375 228 6586 1925 9465 7696 828 8770 5408 7375
25 1833 4260 8832 1326 3112 415 578 5221 8901 2 3039 4330 402 5502 2237 1657 4461 748 8537 8949 251 4197 9004 616 5244
18 9084 7210 2690 6352 3047 1106 1355 2578 4792 4278 7613 8572 706 8372 811 6890 3950 9829
15 9752 8932 2335 2904 9757 2577 5642 1294 5238 8851 8266 4086 7909 3749 4091
16 8477 4984 4910 4686 9042 8529 1182 1062 9346 389 7951 3522 2853 6943 6365 6479
12 6412 7325 362 4814 4509 1187 3040 3273 411 590 8375 9304
20 8184 313 7564 6056 4539 9322 3256 8873 534 7179 7800 45 5987 2014 1754 7989 2145 5884 6889 7937
30 6670 8557 6756 3632 2570 6825 9392 7515 9623 4019 1810 7967 7998 1283 8881 4560 1026 8417 5585 9059 3517 1974 9088 1056 630 6545 2747 8701 1570 7404
25 7862 9636 660 3190 4503 3904 193 7474 3874 6699 8492 8218 4468 4191 7892 1877 54 7083 1490 8451 8707 107 944 8178 8374
18 7956 7329 4815 5892 4396 5371 6980 8822 6720 3175 6964 4504 3287 7559 7973 82 3229 4929
19 9140 1860 5540 3915 2651 9537 8118 2665 2640 189 5394 7809 1129 1158 6401 488 2408 8594 4716
26 9207 2838 2118 2216 5678 7785 300 2075 6850 5211 6444 5523 7106 5880 4517 9667 5863 9423 1385 5820 2811 7290 1425 6676 9831 3688
8 9291 7846 4502 5182 476 8397 7304 3586
30 5300 3540 2642 3605 1460 9538 5766 1441 7642 4724 6426 2248 7339 3121 3079 1392 9403 5257 8569 8215 2549 7978 1440 8183 8558 3971 9876 148 5953 2208
12 7913 3475 9341 8030 4400 1859 2107 1799 862 9968 3341 7713
19 6913 3291 3227 6102 4608 3438 5068 8315 1950 8880 1358 6933 7938 5591 9749 5688 796 3975 9430
33 1528 9128 697 1518 4869 6729 7135 1422 5123 9192 7296 3339 1468 8593 9783 1382 2325 4369 6308 7333 496 7721 3769 8751 191 4983 5207 4611 6546 2185 1497 948 2134
23 7861 3249 6159 8448 6293 39 8413 2065 8326 7125 2084 7192 609 1769 9978 1249 3920 5521 4193 3637 6242 6258 5937
12 7499 6662 873 6319 6855 3659 5288 4576 9108 1426 2879 89
28 9799 9935 457 3966 611 6078 7595 3165 7081 9553 2548 6866 282 7021 7288 8680 3828 9047 5084 6766 5867 8142 6209 762 4996 6750 8308 2597
27 9313 658 6168 7574 6749 9620 5674 3098 2045 3247 584 8598 3277 9894 5140 2027 6388 5053 4146 4766 2450 7241 4841 2456 1185 9198 3533
19 3693 8566 5757 5663 3036 5263 4607 8761 4858 7903 3173 8307 5999 4893 5180 4420 1961 1966 8260
29 9283 2538 5636 1843 9314 3636 9645 5100 6746 7680 1123 4073 279 2956 2299 6006 1618 6555 5633 9762 3525 2127 6194 6768 6631 6534 6458 3781 7700
17 7064 2422 565 3191 4481 9546 8228 4798 7066 1912 7122 5141 7863 2786 3076 7831 2902
28 2883 3197 6164 7580 640 6985 7245 1631 9889 3669 4147 6800 6140 4559 129 149 2739 451 1649 9201 1901 1936 3995 4956 7801 2073 4057 6665
31 1273 6745 208 1745 9962 3258 8407 4787 5879 2057 8289 4899 8544 7566 1964 3700 9017 7294 2029 2427 4737 44 4922 3600 1919 6355 6151 1136 1204 3723 1006
25 6361 5393 150 7737 2731 1281 6762 3621 4767 9659 5353 7065 6830 4971 4963 1730 1205 4436 4298 8092 9154 1225 9818 7335 6405
14 5717 2123 8198 5686 6141 3232 9836 8505 9810 9844 4443 8974 2445 7641
28 1335 3409 2626 933 6615 2033 6132 3099 8956 5700 6898 1748 8767 1310 3674 3913 1606 331 731 195 185 5707 1216 2298 4759 4399 1341 7681
24 6381 1372 1588 4048 3750 9136 4060 4620 5360 1493 7155 3561 7961 9034 3634 1611 9772 5096 6291 5319 5596 9938 1813 1020
26 5868 9985 2881 6739 2799 6814 5366 2128 6218 5526 8952 9230 7560 9780 1827 3178 4881 8845 6760 9257 8411 2868 7603 9389 2819 2897
22 3629 1013 3354 6567 5593 2343 3432 2021 6414 7735 3660 4870 9456 1107 3548 5609 8714 9271 289 2007 3064 9317
29 6031 7097 559 9177 4227 9288 3466 7857 1389 6683 6038 6728 6436 5722 801 5921 866 9258 6049 6690 5338 8145 7983 6673 5022 4726 6087 343 3927
9 3855 5991 8231 1765 6792 868 3106 3252 5821
32 5934 5213 8370 3200 1873 4806 4544 348 643 8945 9859 6114 613 5157 3832 3684 4612 5438 468 6812 9525 7053 8124 5311 7300 3275 2286 2280 5029 2090 9850 3380
31 2920 6529 9401 9805 5732 1647 6705 7203 9846 1081 6579 6882 886 7573 3765 1199 7132 5472 8126 8817 6758 1654 9924 2795 1659 3604 5846 7184 3020 8319 6613
21 3371 9473 8328 9696 7690 1465 986 595 7916 3418 7014 4406 3846 4638 366 7298 6583 1087 2130 144 6721
31 5245 8892 2518 2916 4372 4021 1537 1942 4302 8857 4711 4851 3574 8524 9739 4067 6561 4874 4030 4614 7126 7185 9587 7530 7079 2287 1290 1677 4332 231 1951
33 768 3329 41 5816 8575 6638 4403 3524 2969 2565 2397 9734 2722 740 4591 8242 5097 1011 5655 8927 158 3806 3810 6281 9522 6661 5435 3035 5973 8717 3644 3612 4662
27 4495 9137 5214 601 1430 2984 9440 147 7078 9908 575 991 4442 9877 6628 1025 7328 1360 5258 1091 7450 2133 7244 2010 8797 9771 6439
34 2519 9046 5517 3544 266 9949 4930 3952 7187 508 1431 6641 4266 6326 9225 6552 8689 3545 9170 8513 1885 237 4627 4229 3563 1694 8849 9467 8626 9717 5407 296 9990 8195
11 6916 7810 8967 932 7202 1408 6334 8232 431 4049 6221
23 297 1874 2184 5725 5670 6920 7091 8516 940 1666 2350 6937 5079 8132 5897 3681 9956 3415 7074 9259 4479 3987 5108
18 2531 1852 8382 6069 6392 2937 9842 7425 8782 9817 6610 3837 602 5431 729 6300 5988 2724
15 8890 8345 50 5966 8738 114 8931 8356 6109 8999 2806 6080 5696 2203 9573
34 4071 1438 4233 6125 3842 3270 4652 85 159 2377 8984 7805 3843 4117 1429 5306 6452 4533 9442 1818 6325 8809 1824 9206 452 5607 5316 265 7751 7390 204 20 8185 626
8 672 3655 7347 6904 5862 1163 5513 3286
19 5598 9996 4717 7149 242 6604 2700 3967 6938 6869 4238 7767 3265 9454 6084 3576 8152 3417 321
17 4056 5510 7373 7686 8504 5088 8300 7604 1220 6067 6674 8125 1922 7031 5204 9865 5296
30 9411 1090 7249 7312 9450 7922 2696 91 9964 6460 342 2835 4378 3182 1681 8906 9447 8347 875 6675 2872 9455 1049 8358 9745 4859 6976 7235 9860 8877
21 8086 3024 5285 3193 1416 2309 125 4025 2646 6691 6219 5612 5930 6489 2987 3998 1894 7303 4790 4799 8131
12 4059 3147 8493 4111 5040 1861 8605 6384 6789 7395 573 9677
19 9679 1228 277 498 164 3366 7276 120 3657 2547 7075 7992 1549 5797 6019 1841 4185 8057 9374
11 2176 3774 5570 8389 3720 5845 3665 9703 4918 5855 8775
6 1543 9649 6200 3114 2660 3848
14 677 1194 1908 4411 2533 9398 413 4896 4434 51 9048 8087 4723 3021
21 8675 2748 7248 9925 9708 6459 5085 9174 4707 5512 5109 9008 2211 4554 3518 1962 759 5720 1288 8091 3302
17 3654 5284 6539 7886 5420 4176 4513 3282 7841 8230 1356 4054 3033 59 4348 5449 7467
19 2015 2132 7438 403 4300 1523 5915 6865 5610 3691 1368 7755 6939 4718 3902 2231 3395 9740 5471
18 3696 984 7274 1947 2023 9785 9987 153 4454 116 8954 6847 6600 2491 7524 4451 5273 3014
28 6706 3596 5006 3050 9179 5830 1168 1458 2875 2121 4884 8807 2596 7189 4845 6790 2047 7371 7545 5916 2481 1680 5460 9129 8083 263 5125 9536
30 2986 6884 5507 6058 3542 5135 6346 9481 659 8820 3722 8911 9462 4459 6540 8135 6557 2328 6278 4812 4757 5599 5395 9168 8043 4446 4424 5055 4319 7166
20 5335 3333 4084 854 4615 7811 2115 1504 2315 1590 405 1882 7536 8318 2489 2022 7584 1099 3456 5578
37 5341 2714 9559 5955 3026 3879 3435 5695 3451 6237 7562 5323 8987 6806 3757 2614 3031 1876 304 4982 6763 2685 3598 3361 3132 6516 2624 8222 5459 2671 7509 5726 192 4271 9123 9736 707
31 1866 8449 482 3921 3420 4035 2585 6893 7068 4244 2206 5302 4675 4906 1624 5080 5851 6145 4462 1661 7859 2625 2331 3002 12 5418 4295 8552 8337 86 8429
6 4687 9544 9869 4629 1817 2049
10 268 5572 9744 6523 8306 6521 3128 7002 3804 398
20 4066 315 1223 5566 6425 6356 2751 8992 9933 5680 8828 2201 1712 7170 5960 1092 2890 1003 7111 2271
28 9020 842 1995 5712 3453 7364 494 2407 3271 7712 959 744 7538 4712 8294 4771 3353 3730 8769 5927 5918 1035 7991 7183 756 7950 9215 3289
25 6965 8426 3512 2825 2171 8038 1790 8883 3501 4912 4970 7583 5589 8875 5412 8913 8479 3954 7008 176 9775 8280 5682 4013 3618
14 3444 1407 9412 533 3319 1046 8595 4552 1309 1067 5138 5545 4568 1343
21 6822 3294 9666 435 4028 8937 4880 3839 7907 9077 3862 3085 4209 2808 4033 5444 2376 5399 8980 7906 9476
30 4839 1784 9274 3073 1723 8995 7912 6013 5116 8237 8963 133 3494 9709 9269 5575 1499 2615 8732 7181 6599 2363 3884 5685 911 8053 7289 9560 9765 7093
11 8728 5818 3947 951 5234 823 127 4006 3297 3705 8019
23 6252 9109 7048 1330 2054 7167 3992 9919 467 2068 9212 8841 8872 8197 4708 1103 9253 9437 1732 5762 2096 7057 4158
29 2559 3651 9813 6128 1729 9419 66 3513 5087 230 6106 8540 936 1217 6612 7101 9250 809 5191 5728 8771 4609 7200 2038 9755 3407 8278 1377 971
19 4214 5034 6450 4228 9477 531 5660 1937 8500 9438 4939 2534 3824 5616 1147 2158 391 9766 2848
29 6831 7891 6245 2663 1487 3393 7812 388 8721 8470 8916 678 3948 2837 9079 1690 6234 3385 4572 7838 7917 3243 3486 1658 1683 2940 6212 7112 6127
32 5161 9974 3188 9549 1684 4024 907 1864 4491 2048 387 8064 3323 5249 5577 9510 732 8567 7608 1853 347 4719 7582 4216 764 7571 6065 301 6840 7257 6559 2273
7 8509 3202 7813 7719 8265 7783 7011
29 7911 2928 3866 7870 3972 2059 6280 5170 2790 9837 3146 3450 8105 8291 6437 2580 5550 7898 4419 2692 7540 3254 810 1479 6717 6585 566 8123 1350
21 423 7140 8277 4863 3615 7209 8151 9833 8780 5907 680 8344 7798 7939 9218 9958 8966 7247 2369 5281 4823
21 6689 1227 8713 9944 2305 4602 832 8191 4034 4327 3867 4853 2541 8235 6770 3322 2643 5148 5828 737 9915
15 8670 6793 2109 3352 3195 6174 9399 340 6028 9794 6616 2545 1633 8490 2169
17 6843 9595 5025 6012 5303 7208 9923 7816 3646 5070 4301 8891 1542 9714 1887 9334 2117
33 8329 4693 3092 956 830 2181 4643 6618 1325 5021 7872 2137 2154 6785 6774 914 909 7750 3212 449 9480 3452 7851 7526 2249 5432 1173 9759 525 4269 8202 1579 6063
16 6961 5358 493 1252 8173 2368 3648 7724 2921 2468 5481 7363 8153 9181 5979 6152
8 2941 3138 428 665 5917 9617 4027 1452
20 1993 945 730 7554 8085 1910 7684 884 7 5989 3716 7514 123 1760 1619 4901 8648 7836 8120 5173
18 3281 5113 245 8915 3666 3807 9410 2857 9912 2477 698 8031 4265 2062 8076 5975 5334 8850
21 9888 4877 7779 9754 4985 7403 6829 3917 2197 5331 9415 8084 3226 5275 1481 5788 8724 9650 5760 2540 7472
8 2507 3459 2539 3614 2486 4339 1642 3402
19 9449 2031 5291 8176 6744 2749 7797 63 8117 2891 1675 1089 8894 6701 4598 5198 6158 6994 6494
18 4094 7711 965 419 7567 6340 4862 8990 949 6094 9160 4701 4698 9337 3331 7353 4754 978
23 2432 3708 7926 5532 4092 1921 2871 2688 9855 7852 3217 6050 5832 1719 5078 1575 5095 2764 1662 1285 5505 5063 5543
32 375 109 200 199 8940 5344 6491 5356 4206 8103 21 1819 7819 6083 283 6777 3707 2903 5850 6611 9603 2066 1124 2389 9343 8818 2985 667 2905 4697 7731 5895
28 113 3104 6338 1500 3906 6512 3532 8585 9639 9229 7904 9384 8127 9113 604 7723 6841 9695 850 8144 8267 6606 9773 1507 6193 7044 9599 2983
19 9216 8459 4154 4376 3414 169 9068 7643 1459 7691 6240 2850 9879 1953 6375 6504 7160 5985 3791
25 7141 4414 209 9804 9751 772 7941 7143 6181 5864 4096 6488 1743 2996 3483 3551 7121 3725 6176 2750 5745 1772 4580 4844 1088
7 568 6457 2681 9927 4476 2224 3528
28 8840 2899 1970 2261 3370 7386 4966 8909 8687 5099 9157 2513 2452 1308 800 9080 6810 3650 3955 6347 4166 3427 5560 5657 5252 5811 8606 7115
23 6263 1170 2230 4246 5602 7211 5628 3122 1660 808 1464 6203 6769 4915 4219 4280 9471 7706 8702 2593 3134 295 8154
31 5343 3976 7465 5212 1386 8034 6584 292 5082 7315 3981 5619 3314 6345 4566 9300 3443 688 4460 4942 7354 6709 1678 1083 62 995 3179 7744 8677 6518 181
25 622 2788 4836 881 7697 9950 7370 7727 7689 5278 4523 6382 1775 9016 6878 8577 9756 2349 6153 9371 6112 1614 6096 4145 8897
21 957 8435 5748 8133 9002 92 7856 8737 9019 5190 3010 4692 6796 2779 73 4162 207 4296 2322 170 6342
14 3549 7114 608 7236 7172 4656 9138 2288 101 5936 7705 9024 7201 3478
18 6607 7117 3426 4657 6927 6639 156 6659 6925 6751 9361 1592 5730 1296 4567 7871 8553 4778
8 7227 3246 4994 9301 5294 3698 6445 966
31 157 4428 4624 9575 8768 1079 921 4441 1338 8444 6386 8814 9321 4043 2936 7531 9327 8930 4425 787 124 6936 8986 4534 3727 3934 9878 7348 8898 8210 2691
16 9121 5384 6532 5118 7105 7945 3018 8269 2672 5926 5177 2623 664 5749 3458 3125
33 713 8302 7546 9104 1755 1733 7342 7762 118 1589 2393 8063 9376 4232 6469 8491 5565 6798 3628 5271 735 1373 3244 4192 1442 562 5461 3080 4364 9811 6273 2772 8921
32 7928 8024 2074 782 7492 3778 1160 542 7422 6566 9994 5101 4921 3963 4359 9548 3379 8097 205 1036 7302 5037 8467 2564 6693 9486 1467 7281 6715 7489 2609 1569
30 5086 1384 6206 975 5888 2442 8854 3169 4089 7271 5062 5133 1980 8693 5083 5061 4919 201 6077 6175 356 603 3558 5842 2836 2337 9676 3378 8847 383
25 394 9191 8157 9680 4137 3038 8876 2187 9101 2395 4623 9054 1461 4564 4840 9302 5385 1533 8003 9001 7018 6027 9049 6795 901
28 1332 2520 2780 9254 9464 5433 7282 7457 599 7924 8428 1603 3999 319 1235 6505 8335 3481 6660 8729 5759 7470 8633 7427 6046 8070 9970 3543
22 3697 3067 4507 7337 3082 9647 4699 5792 9478 5094 5801 8755 600 1763 2524 885 5826 9266 879 685 3914 8331
21 8698 3170 128 4064 2992 5351 1557 9209 2385 8324 6946 1297 9482 8864 2670 728 1516 836 4004 9914 5446
27 3103 2079 6208 2352 2178 7010 2275 5702 5995 8830 4358 4388 7321 6205 7866 335 7505 7378 9453 4722 9854 9373 4129 6844 1347 3111 5571
24 3457 5359 5307 2787 7448 674 6672 9159 8988 8099 3141 3266 686 5827 2911 226 727 8570 5669 8080 3185 6492 1837 7953
29 4058 9920 4299 9702 529 767 5764 3782 2909 4394 4264 8383 4543 9142 887 7879 7753 8162 8709 1749 6249 8501 593 1581 9005 8503 9025 8497 9329
15 7849 271 6255 9251 6397 6432 4218 4148 229 1238 3718 7834 1931 5280 3589
27 9670 166 2782 9071 161 6698 4328 1710 1299 8481 5176 2854 5411 1116 2712 7330 5490 2499 8393 6867 9294 312 6045 5494 7702 5547 5020
11 1560 3311 3129 4482 8128 2900 7191 1169 514 1376 9569
21 4090 3148 7355 1539 1834 6042 2859 7521 4674 2222 8466 8756 4284 7204 8441 4968 7985 234 7739 1336 8414
18 8962 5237 1177 1 633 7134 3429 5608 4426 7488 6824 8745 3161 3864 9600 6817 8722 6288
20 1978 3196 2455 3083 2967 1529 9732 2567 4026 9414 7644 3189 5595 6421 7606 7752 9120 5637 722 5841
16 372 3358 1670 7728 9580 7240 9590 9931 4161 4444 7165 6524 1127 5714 8122 939
30 1066 2324 3176 6473 8681 9610 1232 8378 5713 7555 6416 4114 2281 9022 543 9428 999 7497 576 1270 1691 5961 9891 648 8275 3662 2238 4911 4490 8453
28 8179 400 5516 9871 9182 1587 3290 105 2173 4561 9421 515 9767 7781 7646 3013 9966 9245 4095 8712 5775 1848 13 108 8939 6626 2276 7223
14 3564 7553 9543 935 6305 8403 8804 7118 7216 2388 4857 2346 6441 7146
22 5881 9768 248 7874 6984 9180 6247 2291 2972 1096 5247 2938 947 7195 7262 2294 1976 654 5378 6854 4573 1190
17 5885 7320 8462 9487 6771 922 1319 1706 3996 855 4808 4484 7720 2152 6241 3812 1230
32 4475 6875 6942 2639 4914 4555 2404 6359 6243 2766 3509 1934 3610 5262 4688 9043 1501 9630 1502 5421 7326 4732 9899 673 2849 1351 1801 2725 1952 7611 1713 6170
26 3149 8020 8902 35 9118 1346 9963 4347 2011 9694 3285 9143 2400 1946 3137 3511 3391 8473 6184 5671 4600 4542 8685 5613 3931 8994
15 3156 190 8203 9628 3585 9511 1913 3760 3503 3871 7485 669 8726 2770 8217
25 9523 2641 9316 7867 9164 1835 871 7275 5910 9270 2796 2189 8475 5984 6086 9050 2728 651 4367 9339 1144 1645 6433 3928 247
19 700 8736 1030 8434 98 8042 6648 8116 5553 4361 7258 5051 7964 7888 7496 4383 424 1001 3969
9 1757 5387 5890 718 7934 422 8806 6544 3224
28 311 977 2673 5045 2072 4714 1531 2901 8691 8446 484 5023 7351 2051 2256 4681 420 414 5333 6499 4952 8363 2321 653 2312 6271 4813 2225
11 61 2436 5535 9349 174 2583 6981 3734 4951 6417 3571
33 5235 6139 1530 4665 1994 3938 7579 7019 1985 9388 4113 8928 2645 458 8366 3139 8692 4810 5530 9261 1656 3815 6732 9597 6666 8561 3762 1585 5110 3107 5790 3797 6467
26 1563 6066 6902 9729 4776 1960 8547 4357 4009 1471 238 4316 7454 7966 738 1183 7388 2466 8107 9895 197 2098 2697 9922 4540 1378
31 2316 1512 9965 6029 7683 4291 9037 4063 8996 8815 714 1791 3406 7708 5568 1965 2274 9386 5111 3595 8985 6303 5121 1868 3310 8100 6959 9311 4962 840 8113
24 3025 6558 1010 448 4957 3493 704 5374 5298 833 384 4144 3299 220 1615 7623 7518 9280 470 4079 9391 392 1825 4120
27 6780 7357 3541 802 8219 9064 6026 2732 2394 3434 286 6727 1448 4085 1638 5992 9533 8199 2894 4548 6276 6435 6614 7568 1602 7784 1038
18 2720 1414 661 7000 6446 2981 4944 9441 9015 1037 3516 4380 7054 9786 1131 9350 9770 8377
29 3008 892 5562 2769 2636 8545 5527 4188 8621 9506 6483 4694 2485 9605 7032 8600 5151 479 7959 8166 9115 2490 6731 526 8036 5718 9146 3097 2658
30 8708 1838 6304 9633 8991 7034 6216 9276 9458 4270 4775 9741 6253 1981 5640 4809 877 7099 556 8004 8017 2120 7431 5354 3143 5416 9277 4779 5819 6227
33 489 4437 5377 7193 9375 2160 1583 4274 5564 5824 1364 2042 3699 9583 3152 5785 3506 3237 9352 1068 4626 5246 1231 5617 1788 9936 662 1958 8541 2421 1207 7035 3985
29 7040 7612 874 4920 2338 8035 5279 2809 5219 536 2804 2241 5041 4747 276 3763 689 4044 9998 2768 5484 9726 3941 5429 9145 401 6348 9336 1300
22 769 6502 2143 7637 780 2470 9429 1263 4119 8485 1896 7794 1271 1692 6443 7147 2131 7625 3719 9719 3712 3346
18 2327 5332 2330 1470 7672 103 1342 5326 5898 9760 6055 1903 4041 410 5705 1823 2586 8371
15 5192 8458 442 9947 8192 3809 2721 8276 7261 6598 9067 8908 5179 4268 8069
17 7070 2297 9579 4898 974 2419 5215 9279 1851 1696 8777 4303 1594 2689 5812 6358 8119
13 474 3758 4673 2934 6438 6261 4123 6082 3465 8244 1844 8332 7756
22 9003 7864 8978 318 6173 3784 5914 6548 2504 214 2004 7168 1259 7771 9076 1172 4474 7673 4978 2138 2865 6470
8 961 7948 712 4931 7154 9782 4018 6350
32 1776 9852 9845 483 2999 9262 1256 5803 3896 4834 6562 3534 6833 5529 3997 3241 6047 2139 2995 5448 8052 2876 269 1739 7317 3671 9792 8744 9484 2926 8301 4750
23 2135 1609 9556 1206 5679 1320 4947 9470 1435 1982 5877 9310 5119 4574 8515 2301 6302 9290 4077 1333 9700 5697 8535
22 4346 3575 6804 5699 9735 7682 1436 9652 8316 2874 8904 776 8793 262 5315 460 3151 4108 3063 9999 7460 5504
30 8395 902 8040 9562 152 2927 6809 2304 5426 6178 1476 6619 736 6064 6486 7718 6733 8498 9318 2226 2860 7056 5392 8837 5949 3126 9668 1758 4156 1939
29 8878 8274 849 657 115 9027 2035 9238 8293 2052 1905 2153 5904 9946 6667 4118 7023 6791 5834 652 7869 3350 9747 7977 6364 1306 9776 1052 142
11 554 3384 5017 6503 475 5409 4872 7971 9272 1061 3207
10 7468 8394 3383 7059 3923 5831 2976 9178 443 976
29 1138 9406 5189 6711 950 4953 8523 1768 3624 7267 6622 7130 1328 3437 1154 8354 2617 227 9892 5115 1437 792 2550 9567 3836 3860 8098 1510 9716
29 3055 5491 9011 6856 378 8273 9035 4384 1412 7770 4159 8214 9103 1383 8616 2268 4852 9312 3752 6528 7835 6725 6323 3626 7996 5876 3218 9673 9472
16 1888 6199 6410 4733 5539 5036 1181 9070 5847 3211 7900 5804 4138 5889 8507 7049
6 3090 9864 8088 5653 5857 6419
11 7229 328 1054 4088 5107 4595 2954 7207 1417 6190 7391
32 7088 1697 2440 9743 8530 5799 9273 5962 2292 1166 6883 6909 4473 889 5482 2205 9416 7914 3796 2506 3359 3771 2168 1329 5956 5542 5142 3641 3042 4310 8870 2610
29 7929 726 5282 5240 4101 241 9737 8667 1568 5632 857 194 2148 1727 703 7313 5805 5194 1401 4389 8810 7736 5924 1881 955 4242 7968 2251 3883
25 6807 8711 867 7793 1012 5464 4235 7635 2365 6860 1017 5706 8074 6506 3613 9413 9861 9007 1540 9387 7087 5592 3110 795 2840
18 5018 8029 4255 4666 2180 2852 2675 993 4528 446 7803 746 5269 7219 937 8463 7980 5248
29 1040 8586 8784 4050 3565 7685 1693 9134 3482 2108 9516 7629 9324 4340 434 6146 3980 8360 4579 3519 5325 2378 8295 6941 7175 3886 2064 2618 8618
33 1794 5698 3462 6413 7190 671 7479 4331 3531 9248 6156 1051 5556 1042 695 6478 7012 94 6282 5549 1878 4760 3683 9243 9427 8866 3113 8454 8255 4909 5046 8582 1134
29 6649 4537 3786 4285 9795 4587 8615 952 9028 3305 9074 8109 5386 10 2710 9967 5002 4259 9688 8846 9086 5277 5346 631 5266 1044 6914 438 5631
32 5402 8073 135 9625 2323 7665 1443 8506 1008 1679 9474 8067 5259 1394 538 9699 160 8336 4926 954 5397 8964 2594 1301 9953 960 4324 5044 7039 9517 9796 2221
20 7318 7346 3986 1914 7009 3919 1469 8015 985 8778 8060 8322 5197 336 845 587 1809 8001 3514 1948
20 9979 6747 5771 9705 7382 572 9242 1494 1211 8610 777 3308 4654 6713 8571 644 4741 1935 2410 7252
30 6269 3849 5120 5620 9018 6537 1509 3770 4195 9228 2760 4221 6726 8903 6137 7549 870 9788 9122 4765 9491 3001 8206 5322 7405 329 3480 8002 980 2888
26 2949 7108 6630 3469 9299 3428 953 5519 4950 7960 4262 6180 2496 6037 3834 5843 5410 2723 4463 5413 1128 9614 9993 2227 4725 1929
27 3030 6924 2566 3375 9190 8236 8367 4605 8101 9232 7221 163 6868 7610 2340 3912 9448 4175 6371 6525 6448 5634 1080 2858 702 3880 4243
14 5027 9851 5541 6563 6647 1480 8645 2234 3225 6687 4769 9507 2964 3619
30 4788 3160 3821 7572 4003 9135 8555 6805 6832 1117 7080 235 4892 614 7860 3078 5506 7352 6636 165 3240 5365 4375 2259 9210 2223 4649 1055 557 3386
15 3168 2963 364 7153 5677 6315 4215 2459 5555 755 3733 3633 8808 325 1212
32 5440 6485 1489 332 5156 645 9466 691 7715 3946 138 1787 9790 3592 5630 2311 6802 814 547 4954 2149 373 861 4755 7396 3492 8666 8802 3858 4416 5538 1150
21 4307 2233 5049 4153 6000 6526 4986 9972 4477 40 934 3710 9420 6238 5127 1262 3792 3819 5224 2019 2509
24 2912 4885 4794 2717 2110 9303 7763 6953 5268 1371 213 6490 4122 548 345 5165 3094 6477 1599 635 7776 6390 5150 5646
26 445 1593 3396 9769 3680 7759 8665 2884 5899 8014 3425 9328 2402 3877 594 7250 9969 2282 5164 564 8442 9069 4082 7476 1751 2659
34 8310 19 8774 1640 9657 8955 2776 8597 7344 8272 2885 9106 1709 6495 4430 3154 3000 6429 1065 7480 9344 3916 5796 5468 3856 5774 9540 2775 4967 6978 2449 8879 7487 6185
8 2356 1803 2209 7654 3454 8253 8364 7441
10 4008 3245 9503 3108 4613 8071 2767 579 1478 2818
34 6952 7116 1524 6710 2250 5428 2613 1511 9075 2453 4584 5941 8511 754 274 9330 4323 5694 4569 7820 1450 4370 9531 7908 2820 4577 1404 8639 7469 2629 3238 5011 8538 5370
12 222 6150 5425 4705 9457 3215 8303 5272 3820 7133 4273 4622
17 6424 2426 4349 4250 761 6009 3729 3926 4178 2616 5423 9648 2307 4972 3559 8723 7986
18 2020 9052 4109 8803 7464 7291 7591 393 2283 5580 5767 1514 6246 7772 5854 6073 1137 5286
27 3578 7113 4353 1820 3606 4055 1822 6262 7046 2563 4804 8763 3336 9431 5035 8443 6632 2500 8483 2878 9660 7310 8613 5623 3679 3922 2813
21 1867 7028 530 7086 7323 4938 7847 7777 8719 8753 2002 5784 5454 79 1086 3304 2080 758 5666 805 3569
26 6115 1605 1421 1580 982 1324 6719 9357 7778 4937 1071 4856 5908 1541 3006 6187 1971 5590 571 4934 6311 5825 4 1254 7459 8279
20 7957 7993 3334 9524 8609 5952 106 3086 628 7473 7486 9040 8825 9690 8168 4545 7974 3012 1923 8700
35 583 7704 8573 95 1792 6119 9678 7278 2406 847 6161 9298 8646 6820 3115 2129 3234 5000 3908 8914 681 1567 1076 4684 5823 4864 1798 5065 5836 1060 8137 472 1019 58 8022
23 3410 6851 3557 9712 4639 1846 2966 1716 2630 2959 9479 742 8813 2354 2752 7942 1258 5781 1506 7218 1473 3620 757
22 6783 666 7534 5373 9333 863 5292 6940 4925 4439 9959 2832 7828 8522 4900 1074 9637 1552 3838 5944 4047 1410
15 88 5971 8447 8536 7668 4450 425 1891 5155 350 2931 1463 7542 7362 8147
31 6277 8783 2742 1260 3398 9199 546 1943 8401 4634 8416 7407 4125 3496 8169 357 6167 1302 8264 4632 7327 7855 1821 6520 2604 1156 3652 8078 2243 749 8934
26 6912 5008 2989 4690 2151 7368 3893 4312 3873 2190 7063 8920 3484 5401 4678 5328 7774 8762 5912 8369 3780 8488 2032 5398 7976 2163
34 5299 2424 7428 1276 6634 354 6213 4356 7309 4498 280 8148 1612 3661 8177 9185 8958 2242 3186 7893 2708 781 132 5028 4422 6535 2182 899 8925 9432 270 9711 1652 3643
15 3869 8290 8346 6430 6024 8412 5260 8229 5014 9240 6165 1668 361 8304 3560
17 8406 4546 1121 9640 172 6076 1721 9980 3505 8534 7394 3201 1753 9224 7782 8402 8865
11 2418 7671 5772 6781 8608 4172 9461 3172 9753 6093 8171
28 610 9246 1267 4020 9130 4017 7808 3901 5567 8159 9167 6684 4106 6974 5763 8844 3074 6714 3801 6935 2194 7158 3162 7722 5342 4641 7733 4846
28 6456 8104 9890 8348 2654 1595 9264 6301 4515 6406 3392 5600 8725 4440 1854 3959 858 9096 7786 4672 8196 6217 1938 3488 2492 3431 5232 2508
30 920 3826 8574 2399 1550 8796 6601 5050 9742 8243 7445 509 4224 1875 9722 6983 4590 4290 6543 1457 2555 2493 3642 9841 5236 3889 5652 3687 4865 3259
23 5324 9166 1251 326 4410 1627 6480 8860 3798 9992 7894 7508 8562 9983 3672 3372 5139 2634 6679 1596 4076 5573 2055
32 8518 9090 481 5711 1474 4371 3622 4828 9849 6921 612 9706 7462 8539 184 5419 3455 3897 7447 2367 5339 551 5945 1028 2050 4735 6918 4531 8674 9396 2100 4124
30 1209 6404 3865 9815 6498 5495 2831 5579 8800 3974 1198 4550 501 2438 683 8140 5708 7142 8048 3164 2317 1740 3048 6934 5327 5673 5787 5147 3887 6111
10 6901 4781 1002 3685 8551 1027 4492 2839 5265 9326
10 7716 4773 9856 9356 6509 8251 1726 1909 3591 4241
31 1178 1977 4636 4532 1348 9208 4628 2765 2756 8532 528 1941 7925 500 5200 8041 5355 2562 4222 4402 5643 9390 3978 9323 6872 1141 2521 7215 1731 7527 4538
19 8175 1883 8979 5205 9252 3330 5019 9578 8676 2980 2807 8619 4563 4886 5661 8424 8941 9131 3617
18 3607 1637 2711 1221 4973 8421 5169 872 9843 834 3627 6950 221 259 623 6339 6603 5174
16 4098 1973 4366 7414 2479 4279 4549 1714 1597 9111 3413 1058 503 5742 1093 4186
19 3239 4511 1804 2036 1222 3818 1023 7139 6835 8012 941 7095 2974 4134 257 9764 2821 7714 6870
31 1664 699 6307 1233 7380 225 1553 9928 6657 4866 5878 1282 4777 9917 9278 2016 305 9119 5128 6773 1782 407 3695 8436 4272 6335 8888 906 2914 7001 4955
28 1105 1111 6244 5437 2025 3845 929 5004 9213 5233 5558 5778 2595 2719 5552 4960 6264 2532 2727 9502 973 7639 236 5544 4820 3611 9281 5672
5 6044 1625 9144 2573 5891
21 541 739 7768 6922 381 5601 7548 1453 4617 6098 5451 3673 8502 6591 5883 2289 7824 1576 8106 3994 5586
29 3167 1406 1363 6021 3537 6313 6716 9612 408 6378 4343 2762 3101 1171 4748 3223 1397 87 2392 9893 4427 8398 2046 299 7350 9555 5476 5077 7036
9 3555 8262 5480 9921 8061 6032 8327 3945 4432
9 2695 9452 7631 1399 5813 8683 5362 5758 8789
