5014
0 0 7 0
8 0 8 7
9 0 12 1
13 0 13 7
14 0 17 1
18 0 20 2
21 0 24 1
25 0 25 7
26 0 33 0
34 0 36 2
37 0 39 2
41 0 42 4
43 0 43 8
44 0 47 1
48 0 51 1
52 0 61 0
62 0 62 8
63 0 72 0
73 0 83 0
84 0 87 1
88 0 95 0
96 0 96 9
97 0 102 1
103 0 104 3
105 0 112 0
113 0 120 0
121 0 128 0
129 0 131 2
132 0 132 8
133 0 134 3
135 0 138 1
139 0 142 1
143 0 144 3
145 0 148 1
149 0 156 0
157 0 157 8
158 0 158 8
159 0 164 1
165 0 168 1
169 0 169 9
170 0 173 1
174 0 174 10
175 0 179 1
180 0 183 1
184 0 191 0
192 0 192 7
193 0 197 1
198 0 199 3
0 1 4 2
5 1 5 9
6 1 6 8
7 1 7 8
26 1 26 8
27 1 27 9
28 1 28 8
29 1 32 2
33 1 33 9
52 1 60 1
61 1 61 10
63 1 66 2
67 1 70 2
71 1 74 2
75 1 82 1
83 1 83 12
88 1 91 2
92 1 95 2
105 1 108 2
109 1 116 1
117 1 121 2
122 1 127 2
128 1 128 8
149 1 150 5
151 1 151 8
152 1 152 10
153 1 156 3
184 1 186 3
187 1 187 10
188 1 188 9
189 1 189 10
190 1 191 5
9 2 12 3
14 2 17 3
21 2 23 4
24 2 24 11
40 2 40 13
44 2 51 2
52 2 55 3
56 2 60 3
75 2 75 9
76 2 76 9
77 2 79 4
80 2 81 6
82 2 82 10
84 2 85 5
86 2 87 5
97 2 102 3
109 2 116 2
135 2 136 5
137 2 140 3
141 2 142 5
145 2 148 3
159 2 167 2
168 2 168 9
170 2 170 11
171 2 173 4
175 2 175 9
176 2 183 2
193 2 194 5
195 2 195 10
196 2 197 6
0 3 0 11
1 3 2 6
3 3 4 7
18 3 19 7
20 3 20 10
29 3 30 6
31 3 32 7
34 3 37 5
38 3 38 10
39 3 39 13
44 3 51 3
63 3 70 3
71 3 73 5
74 3 74 12
88 3 92 4
93 3 94 7
95 3 95 12
105 3 112 3
113 3 120 3
121 3 122 6
123 3 125 5
126 3 127 6
129 3 129 14
130 3 130 10
131 3 131 12
159 3 161 5
162 3 163 6
164 3 164 13
165 3 167 5
176 3 179 4
180 3 180 10
181 3 183 5
9 4 11 6
12 4 12 13
14 4 16 7
17 4 17 13
44 4 47 5
48 4 55 4
56 4 60 5
63 4 64 8
65 4 69 5
70 4 70 13
97 4 105 4
106 4 108 6
109 4 112 5
113 4 113 12
114 4 114 14
115 4 115 11
116 4 116 15
117 4 117 14
118 4 119 7
120 4 120 13
133 4 134 7
137 4 137 13
138 4 139 8
140 4 140 13
143 4 144 8
145 4 145 11
146 4 146 11
147 4 148 8
153 4 156 5
185 4 185 11
186 4 186 13
198 4 199 7
21 5 22 8
41 5 42 8
48 5 52 6
53 5 54 8
55 5 55 13
77 5 79 7
88 5 89 9
90 5 90 14
91 5 91 12
92 5 92 16
97 5 105 5
171 5 172 8
173 5 173 12
176 5 177 8
178 5 178 14
179 5 179 16
34 6 37 7
44 6 47 7
56 6 59 7
60 6 60 16
65 6 65 17
66 6 67 9
68 6 68 15
69 6 69 13
71 6 73 8
84 6 87 7
97 6 105 6
109 6 112 7
123 6 123 14
124 6 125 11
135 6 136 9
141 6 142 9
149 6 150 9
153 6 154 10
155 6 155 14
156 6 156 16
159 6 160 10
161 6 161 14
165 6 167 9
181 6 182 9
183 6 184 9
190 6 190 14
191 6 191 16
193 6 194 11
1 7 1 14
9 7 10 10
11 7 11 14
23 7 23 18
29 7 29 14
30 7 30 16
48 7 51 9
52 7 52 16
80 7 81 10
97 7 105 7
106 7 107 12
121 7 121 14
122 7 122 17
126 7 127 11
162 7 162 14
163 7 163 14
196 7 196 14
197 7 197 16
2 8 3 12
4 8 4 16
8 8 8 16
13 8 14 12
15 8 15 17
16 8 16 15
18 8 18 15
25 8 25 16
31 8 31 18
32 8 32 18
34 8 37 9
44 8 47 9
56 8 58 10
59 8 59 15
77 8 78 12
84 8 87 9
93 8 93 17
94 8 94 15
97 8 99 10
100 8 100 16
101 8 103 10
104 8 104 16
105 8 105 18
108 8 109 13
110 8 110 16
112 8 112 16
118 8 118 18
119 8 119 15
133 8 134 11
192 8 192 17
198 8 198 19
199 8 199 15
6 9 7 14
19 9 19 20
21 9 22 12
26 9 26 17
28 9 28 16
41 9 42 12
43 9 43 17
53 9 53 18
54 9 54 20
62 9 62 16
63 9 64 13
71 9 73 11
79 9 79 20
111 9 111 20
128 9 128 17
132 9 132 18
138 9 139 14
143 9 143 16
144 9 144 17
147 9 147 16
148 9 148 20
151 9 151 16
157 9 158 13
171 9 171 17
172 9 172 17
176 9 176 16
177 9 177 18
5 10 5 21
27 10 27 21
33 10 36 11
37 10 37 21
44 10 48 11
49 10 49 17
50 10 51 14
66 10 67 14
75 10 75 20
76 10 76 21
84 10 84 17
85 10 89 11
96 10 96 19
135 10 136 14
141 10 142 15
149 10 150 15
165 10 167 12
168 10 168 21
169 10 169 21
175 10 175 20
181 10 184 11
188 10 188 18
9 11 10 14
20 11 20 20
38 11 38 18
56 11 58 13
61 11 61 18
80 11 82 13
97 11 97 19
98 11 98 19
101 11 102 15
103 11 103 22
130 11 130 21
152 11 152 18
153 11 154 14
159 11 160 14
174 11 174 20
180 11 180 22
187 11 187 20
189 11 189 22
195 11 195 18
0 12 0 19
24 12 24 23
33 12 34 15
35 12 35 22
36 12 36 21
44 12 46 14
47 12 47 20
48 12 48 23
71 12 71 21
72 12 73 15
85 12 86 16
87 12 89 15
99 12 99 23
115 12 115 20
124 12 125 15
126 12 126 22
127 12 127 19
133 12 134 16
145 12 146 16
170 12 170 20
181 12 181 20
182 12 184 14
185 12 185 20
193 12 194 16
2 13 3 16
13 13 13 23
14 13 14 20
21 13 22 16
41 13 42 17
74 13 74 20
77 13 77 20
78 13 78 20
83 13 83 22
91 13 91 23
95 13 95 22
106 13 107 18
113 13 113 24
131 13 131 24
165 13 166 16
167 13 167 20
173 13 173 21
12 14 12 21
17 14 17 21
39 14 40 17
55 14 58 15
63 14 63 21
64 14 64 25
69 14 70 17
80 14 80 23
81 14 82 18
108 14 108 25
109 14 109 21
120 14 120 25
137 14 137 25
140 14 140 21
157 14 157 23
158 14 158 23
164 14 164 24
186 14 186 23
1 15 1 25
6 15 6 23
7 15 7 24
9 15 9 22
10 15 10 22
11 15 11 24
29 15 29 22
44 15 45 18
46 15 46 23
50 15 50 22
51 15 51 23
66 15 66 23
67 15 67 23
90 15 90 26
114 15 114 22
117 15 117 22
121 15 121 26
123 15 123 22
129 15 129 26
135 15 135 23
138 15 139 19
153 15 155 17
159 15 162 16
163 15 163 25
178 15 178 23
182 15 183 18
184 15 184 24
190 15 190 26
196 15 196 24
16 16 16 23
18 16 18 24
33 16 33 24
34 16 34 27
55 16 58 18
59 16 59 27
68 16 68 24
72 16 72 23
73 16 73 24
87 16 87 26
88 16 89 21
94 16 94 27
101 16 101 25
102 16 102 26
119 16 119 24
124 16 125 19
141 16 141 24
142 16 142 24
149 16 150 21
199 16 199 24
2 17 4 19
8 17 8 24
21 17 21 24
22 17 22 24
25 17 25 24
28 17 28 27
30 17 30 28
52 17 52 28
60 17 60 26
62 17 62 26
85 17 85 24
86 17 86 26
92 17 92 25
100 17 100 27
104 17 104 24
110 17 110 25
112 17 112 28
133 17 133 24
143 17 143 28
145 17 147 19
151 17 151 26
156 17 156 27
159 17 159 24
160 17 161 21
162 17 162 25
165 17 166 21
176 17 176 24
179 17 179 27
191 17 191 28
194 17 194 25
197 17 197 28
15 18 15 29
26 18 26 27
39 18 40 21
41 18 41 25
42 18 43 22
49 18 49 26
69 18 70 21
84 18 84 29
93 18 93 26
122 18 122 27
128 18 128 27
136 18 136 29
144 18 144 28
153 18 153 25
171 18 172 21
192 18 192 25
193 18 193 29
23 19 23 26
31 19 32 23
38 19 38 30
44 19 44 26
45 19 45 26
53 19 53 26
55 19 56 22
57 19 57 29
61 19 61 29
81 19 82 23
105 19 105 26
106 19 106 27
107 19 107 30
118 19 118 30
132 19 132 30
152 19 152 30
154 19 155 24
177 19 177 28
182 19 182 26
183 19 183 26
188 19 188 26
195 19 195 30
0 20 0 31
2 20 4 22
96 20 96 27
97 20 98 24
125 20 125 27
127 20 127 28
138 20 138 27
139 20 139 30
145 20 147 22
14 21 14 30
19 21 19 29
20 21 20 30
47 21 47 28
54 21 54 30
58 21 58 32
65 21 65 32
74 21 74 28
75 21 75 32
77 21 78 24
79 21 79 30
111 21 111 30
115 21 115 28
167 21 167 28
170 21 170 28
174 21 175 25
181 21 181 32
185 21 185 31
187 21 187 31
5 22 5 32
12 22 12 29
17 22 17 29
27 22 27 32
36 22 36 29
37 22 37 33
39 22 39 30
63 22 63 31
69 22 69 29
70 22 71 25
76 22 76 31
88 22 89 27
109 22 109 30
130 22 130 33
140 22 140 29
148 22 149 25
150 22 150 29
160 22 161 25
165 22 166 25
168 22 169 26
171 22 171 29
172 22 172 33
173 22 173 29
2 23 2 30
3 23 4 26
9 23 9 30
10 23 10 32
29 23 29 34
35 23 35 30
42 23 42 32
43 23 43 34
50 23 50 30
55 23 55 33
83 23 83 32
95 23 95 31
103 23 103 32
114 23 114 31
116 23 117 27
123 23 123 33
124 23 124 34
126 23 126 34
145 23 146 26
147 23 147 34
180 23 180 30
189 23 189 30
198 23 198 34
6 24 6 34
13 24 13 31
16 24 16 32
24 24 24 33
31 24 32 27
40 24 40 35
46 24 46 34
48 24 48 33
51 24 51 31
66 24 66 32
67 24 67 32
72 24 72 33
80 24 81 27
82 24 82 31
91 24 91 32
99 24 99 33
134 24 135 27
157 24 157 33
158 24 158 31
178 24 178 33
186 24 186 35
7 25 8 29
11 25 11 34
18 25 18 34
21 25 21 35
22 25 22 32
25 25 25 32
33 25 33 36
68 25 68 35
73 25 73 33
77 25 77 32
78 25 78 36
85 25 85 34
97 25 98 28
104 25 104 34
113 25 113 33
119 25 119 35
131 25 131 32
133 25 133 34
141 25 142 28
155 25 155 34
159 25 159 34
164 25 164 34
176 25 176 33
184 25 184 32
196 25 196 32
199 25 199 34
1 26 1 33
41 26 41 36
70 26 71 29
92 26 92 36
101 26 101 33
110 26 110 36
120 26 120 37
137 26 137 37
148 26 148 35
149 26 149 37
153 26 154 29
160 26 160 34
161 26 161 33
162 26 162 34
163 26 163 36
165 26 166 30
174 26 174 34
175 26 175 35
192 26 192 36
194 26 194 37
3 27 3 34
23 27 23 34
44 27 45 30
49 27 49 36
53 27 53 34
60 27 60 37
62 27 62 36
64 27 64 38
86 27 86 34
87 27 87 35
90 27 90 36
93 27 93 35
102 27 102 38
105 27 105 38
129 27 129 36
145 27 145 35
146 27 146 35
151 27 151 34
168 27 168 35
182 27 183 30
188 27 188 34
26 28 26 35
28 28 28 35
32 28 32 36
34 28 34 36
56 28 56 39
59 28 59 38
80 28 80 38
81 28 81 35
88 28 89 33
94 28 94 39
96 28 96 37
100 28 100 39
106 28 106 35
116 28 116 36
122 28 122 39
125 28 125 35
128 28 128 39
134 28 135 32
138 28 138 39
156 28 156 37
169 28 169 39
179 28 179 35
30 29 30 38
47 29 47 39
52 29 52 39
74 29 74 36
97 29 98 32
112 29 112 40
115 29 115 36
121 29 121 40
127 29 127 36
141 29 144 30
167 29 167 36
170 29 170 37
177 29 177 38
190 29 191 33
197 29 197 40
4 30 4 41
7 30 7 38
8 30 8 37
12 30 12 41
15 30 15 39
17 30 17 40
19 30 19 37
31 30 31 41
36 30 36 41
57 30 57 38
61 30 61 41
69 30 71 32
117 30 117 41
140 30 140 39
150 30 150 39
153 30 153 39
171 30 171 38
173 30 173 37
193 30 193 38
2 31 2 42
9 31 9 41
14 31 14 38
20 31 20 38
35 31 35 42
38 31 38 39
39 31 39 42
44 31 45 34
50 31 50 38
54 31 54 39
79 31 79 38
107 31 107 41
108 31 109 36
111 31 111 42
132 31 132 38
136 31 136 42
139 31 139 39
141 31 144 32
152 31 152 42
154 31 154 42
165 31 165 41
180 31 180 38
182 31 183 34
189 31 189 39
195 31 195 42
0 32 0 43
13 32 13 40
51 32 51 40
63 32 63 40
76 32 76 41
82 32 82 40
95 32 95 41
114 32 114 39
118 32 118 43
158 32 158 42
185 32 185 40
187 32 187 39
5 33 5 41
10 33 10 44
16 33 16 41
22 33 22 40
25 33 25 42
27 33 27 44
42 33 42 44
58 33 58 41
65 33 67 35
69 33 70 36
71 33 71 41
75 33 75 42
77 33 77 41
83 33 83 40
91 33 91 41
97 33 98 37
103 33 103 41
131 33 131 44
134 33 134 44
141 33 141 41
142 33 143 36
144 33 144 41
181 33 181 42
184 33 184 41
196 33 196 40
1 34 1 42
24 34 24 43
37 34 37 41
48 34 48 41
55 34 55 43
72 34 73 38
88 34 88 41
99 34 99 43
101 34 101 45
113 34 113 45
123 34 123 44
130 34 130 45
135 34 135 45
157 34 157 45
161 34 161 41
172 34 172 45
176 34 176 45
178 34 178 44
191 34 191 41
3 35 3 46
6 35 6 44
11 35 11 43
18 35 18 42
23 35 23 46
29 35 29 45
43 35 46 36
53 35 53 43
84 35 86 37
89 35 89 46
104 35 104 42
124 35 124 44
126 35 126 45
133 35 133 45
147 35 147 44
151 35 151 42
155 35 155 42
159 35 160 38
162 35 162 42
164 35 164 42
174 35 174 44
182 35 182 46
183 35 183 45
188 35 188 42
198 35 199 39
21 36 21 44
26 36 26 44
28 36 28 45
40 36 40 46
65 36 68 37
81 36 81 43
87 36 87 43
93 36 93 43
106 36 106 44
119 36 119 47
125 36 125 47
145 36 146 39
148 36 148 47
168 36 168 47
175 36 175 46
179 36 179 43
190 36 190 47
32 37 34 39
41 37 41 46
43 37 44 40
45 37 45 45
46 37 46 44
49 37 49 48
62 37 62 44
69 37 69 45
70 37 70 46
74 37 74 44
78 37 78 45
90 37 90 48
92 37 92 44
108 37 109 41
110 37 110 44
115 37 115 44
116 37 116 47
127 37 127 48
129 37 129 48
142 37 142 44
143 37 143 44
163 37 163 48
166 37 167 41
192 37 192 48
8 38 8 48
19 38 19 49
60 38 60 48
65 38 68 39
84 38 86 40
96 38 96 49
97 38 97 47
98 38 98 46
120 38 120 48
137 38 137 47
156 38 156 45
170 38 170 49
173 38 173 47
7 39 7 46
14 39 14 46
20 39 20 49
30 39 30 49
50 39 50 47
57 39 57 47
59 39 59 50
64 39 64 47
72 39 73 42
79 39 80 42
102 39 102 46
105 39 105 48
132 39 132 46
159 39 159 49
160 39 160 49
171 39 171 46
177 39 177 47
180 39 180 50
193 39 193 47
15 40 15 51
32 40 33 43
34 40 34 48
38 40 38 47
47 40 47 47
52 40 52 51
54 40 54 47
56 40 56 49
65 40 65 47
66 40 67 45
68 40 68 48
94 40 94 47
114 40 114 50
128 40 128 51
138 40 140 42
145 40 146 45
150 40 150 47
153 40 153 47
169 40 169 47
186 40 187 44
189 40 189 49
194 40 194 51
198 40 198 50
13 41 13 48
17 41 17 50
22 41 22 49
43 41 43 48
44 41 44 48
51 41 51 51
63 41 63 50
82 41 82 49
83 41 86 43
100 41 100 52
112 41 112 49
121 41 122 45
149 41 149 52
185 41 185 50
196 41 196 51
197 41 197 48
199 41 199 52
4 42 5 47
9 42 9 49
16 42 16 51
36 42 36 53
37 42 37 50
48 42 48 52
58 42 58 50
61 42 61 49
71 42 71 50
76 42 77 46
88 42 88 50
91 42 91 49
95 42 95 49
103 42 103 49
107 42 109 44
141 42 141 53
144 42 144 52
161 42 161 52
165 42 166 45
167 42 167 53
184 42 184 49
191 42 191 50
1 43 2 46
18 43 18 51
25 43 25 50
35 43 35 50
39 43 39 53
72 43 73 47
75 43 75 54
79 43 80 46
104 43 104 52
111 43 111 52
138 43 139 46
140 43 140 53
151 43 152 46
155 43 155 52
158 43 158 51
162 43 162 52
164 43 164 51
181 43 181 54
188 43 188 54
195 43 195 51
0 44 0 55
11 44 11 55
12 44 12 55
24 44 24 52
31 44 33 46
53 44 53 54
55 44 55 55
81 44 81 54
83 44 83 53
84 44 84 54
85 44 87 47
93 44 93 52
99 44 99 51
118 44 118 52
136 44 136 55
179 44 179 52
6 45 6 56
10 45 10 52
21 45 21 55
26 45 26 52
27 45 27 54
42 45 42 55
46 45 46 56
62 45 62 53
74 45 74 52
92 45 92 53
106 45 106 52
107 45 108 49
109 45 110 49
115 45 115 53
117 45 117 56
123 45 123 52
124 45 124 54
131 45 131 53
142 45 143 49
147 45 147 56
154 45 154 56
174 45 174 52
178 45 178 54
186 45 187 49
28 46 28 53
29 46 29 57
45 46 45 54
66 46 67 50
69 46 69 55
78 46 78 53
101 46 101 57
121 46 122 49
126 46 126 53
130 46 130 54
133 46 135 48
145 46 146 50
156 46 156 53
157 46 157 57
165 46 165 56
166 46 166 57
172 46 172 55
183 46 183 57
1 47 2 50
3 47 3 55
7 47 7 55
14 47 14 54
23 47 23 57
32 47 32 55
33 47 33 54
40 47 40 56
41 47 41 56
70 47 70 58
77 47 77 55
79 47 79 55
80 47 80 54
89 47 89 58
98 47 98 57
102 47 102 55
132 47 132 55
138 47 139 50
151 47 151 55
152 47 152 58
171 47 171 55
175 47 175 55
176 47 176 58
4 48 4 56
5 48 5 59
38 48 38 56
47 48 47 59
50 48 50 57
54 48 54 59
57 48 57 59
64 48 65 51
72 48 72 55
85 48 87 50
94 48 94 56
97 48 97 55
113 48 113 59
116 48 116 58
119 48 119 55
137 48 137 55
148 48 148 57
150 48 150 55
153 48 153 55
168 48 169 51
173 48 173 55
177 48 177 58
190 48 190 56
193 48 193 59
8 49 8 56
13 49 13 57
31 49 31 60
34 49 34 56
43 49 43 56
44 49 44 56
60 49 60 60
68 49 68 56
73 49 73 60
90 49 90 56
105 49 105 57
120 49 120 57
127 49 127 58
129 49 129 59
133 49 135 51
192 49 192 56
197 49 197 60
9 50 9 61
19 50 20 53
22 50 22 57
30 50 30 61
49 50 49 61
56 50 56 59
61 50 61 58
76 50 76 61
82 50 82 58
91 50 91 59
95 50 95 58
96 50 96 61
103 50 103 58
107 50 107 59
108 50 109 53
110 50 110 61
112 50 112 58
121 50 121 61
122 50 122 59
142 50 143 53
159 50 160 54
170 50 170 59
184 50 184 58
186 50 187 55
189 50 189 61
1 51 1 61
2 51 2 60
17 51 17 58
25 51 25 59
35 51 35 59
37 51 37 62
58 51 58 62
59 51 59 58
63 51 63 58
66 51 67 56
71 51 71 58
85 51 86 54
87 51 88 54
114 51 114 58
138 51 139 55
145 51 146 55
180 51 180 62
185 51 185 59
191 51 191 58
198 51 198 62
15 52 16 55
18 52 18 59
51 52 52 57
64 52 65 55
99 52 99 62
128 52 128 62
133 52 133 59
134 52 134 62
135 52 135 61
158 52 158 63
163 52 164 56
168 52 168 61
169 52 169 60
194 52 195 55
196 52 196 60
10 53 10 62
24 53 24 62
26 53 26 62
48 53 48 61
74 53 74 63
93 53 93 63
100 53 100 60
104 53 104 64
106 53 106 64
111 53 111 64
118 53 118 62
123 53 123 63
144 53 144 63
155 53 155 61
161 53 161 60
162 53 162 63
174 53 174 60
179 53 179 61
199 53 199 61
19 54 19 64
20 54 20 65
28 54 28 62
36 54 36 61
39 54 39 65
62 54 62 61
78 54 78 63
83 54 83 61
92 54 92 64
108 54 108 61
109 54 109 61
115 54 115 61
125 54 126 58
131 54 131 61
140 54 142 56
143 54 143 63
156 54 156 64
167 54 167 63
14 55 14 66
27 55 27 66
33 55 33 64
45 55 45 64
53 55 53 62
80 55 81 58
84 55 86 58
87 55 87 63
88 55 88 66
124 55 124 64
130 55 130 62
149 55 149 66
159 55 160 59
178 55 178 62
181 55 182 58
188 55 188 66
0 56 0 66
3 56 3 63
7 56 7 65
11 56 11 64
15 56 15 63
16 56 16 64
21 56 21 64
32 56 32 63
42 56 42 65
55 56 55 67
64 56 64 64
65 56 65 64
69 56 69 64
72 56 72 66
77 56 77 65
79 56 79 67
97 56 97 64
102 56 102 66
119 56 119 66
132 56 132 63
136 56 136 66
137 56 137 64
138 56 139 59
145 56 146 60
150 56 150 64
151 56 151 67
153 56 153 64
171 56 172 60
173 56 173 66
175 56 175 63
186 56 186 65
187 56 187 64
194 56 194 64
195 56 195 63
4 57 4 67
8 57 8 65
12 57 12 68
34 57 34 65
38 57 38 66
40 57 41 62
43 57 43 65
44 57 44 64
46 57 46 68
66 57 66 65
67 57 67 65
68 57 68 65
75 57 75 68
90 57 90 67
94 57 94 65
117 57 117 65
140 57 142 59
147 57 147 67
154 57 154 65
163 57 164 60
165 57 165 65
190 57 190 68
192 57 192 65
6 58 6 69
13 58 13 65
22 58 23 61
29 58 29 68
50 58 51 62
52 58 52 69
98 58 98 65
101 58 101 66
105 58 105 66
120 58 120 68
148 58 148 66
157 58 157 66
166 58 166 68
183 58 183 69
17 59 17 67
59 59 59 66
61 59 61 67
63 59 63 67
70 59 71 62
80 59 81 62
82 59 82 67
84 59 86 62
95 59 95 68
103 59 103 70
112 59 112 67
114 59 114 67
116 59 116 67
125 59 126 64
127 59 127 69
152 59 152 66
176 59 177 62
181 59 182 62
184 59 184 67
191 59 191 70
5 60 5 70
18 60 18 70
25 60 25 71
35 60 35 69
47 60 47 71
56 60 56 68
57 60 57 70
89 60 89 71
91 60 91 68
107 60 107 67
113 60 113 67
122 60 122 67
129 60 129 71
133 60 133 71
138 60 141 61
142 60 142 69
159 60 159 67
160 60 160 69
170 60 170 67
185 60 185 67
193 60 193 68
2 61 2 71
31 61 31 71
60 61 60 71
73 61 73 72
100 61 100 68
146 61 146 71
161 61 161 72
163 61 164 64
169 61 169 70
171 61 171 71
172 61 172 69
174 61 174 68
196 61 196 71
197 61 197 72
1 62 1 71
9 62 9 73
22 62 23 66
30 62 30 69
36 62 36 69
48 62 48 73
54 62 54 73
62 62 62 73
76 62 76 70
83 62 83 69
108 62 108 71
109 62 109 69
115 62 115 73
121 62 121 70
131 62 131 72
135 62 135 69
138 62 139 65
140 62 141 65
155 62 155 70
168 62 168 73
179 62 179 69
189 62 189 69
199 62 199 69
10 63 10 71
24 63 24 70
26 63 26 70
28 63 28 72
40 63 41 67
49 63 51 65
53 63 53 70
58 63 58 70
70 63 71 66
80 63 81 67
84 63 86 66
99 63 99 72
110 63 110 74
118 63 118 73
128 63 128 72
130 63 130 71
134 63 134 71
145 63 145 74
176 63 178 65
180 63 181 66
182 63 182 73
198 63 198 73
3 64 3 75
15 64 15 74
32 64 32 72
74 64 74 72
78 64 78 73
87 64 87 71
93 64 93 74
123 64 123 72
132 64 132 71
143 64 144 69
162 64 162 75
167 64 167 71
175 64 175 71
195 64 195 71
11 65 11 76
16 65 16 72
19 65 19 72
21 65 21 73
33 65 33 74
44 65 45 69
64 65 65 68
69 65 69 75
92 65 92 75
97 65 97 74
111 65 111 74
124 65 124 72
125 65 126 68
137 65 137 74
150 65 150 75
153 65 153 75
156 65 156 76
163 65 164 69
187 65 187 76
194 65 194 74
7 66 8 69
13 66 13 73
20 66 20 73
34 66 34 77
37 66 37 77
39 66 39 74
42 66 43 70
49 66 50 69
51 66 51 73
66 66 68 69
77 66 77 73
94 66 94 74
98 66 98 73
117 66 117 73
138 66 140 68
154 66 154 75
165 66 165 76
176 66 176 73
177 66 177 73
178 66 178 76
186 66 186 73
192 66 192 77
0 67 0 76
14 67 14 75
22 67 22 74
23 67 23 74
38 67 38 77
59 67 59 77
70 67 72 69
84 67 86 69
88 67 88 77
96 67 96 78
101 67 101 75
102 67 102 78
104 67 106 69
119 67 119 74
136 67 136 78
141 67 141 78
148 67 149 70
152 67 152 77
157 67 158 70
173 67 173 75
180 67 181 71
188 67 188 77
4 68 4 79
17 68 17 76
40 68 40 76
41 68 41 78
55 68 55 79
61 68 61 79
63 68 63 79
79 68 82 69
90 68 90 77
107 68 107 75
112 68 112 78
113 68 113 77
114 68 114 75
116 68 116 78
122 68 122 76
147 68 147 79
151 68 151 76
159 68 159 77
170 68 170 75
184 68 185 72
12 69 12 80
29 69 29 79
46 69 46 78
56 69 56 79
64 69 65 74
75 69 75 80
91 69 91 77
95 69 95 78
100 69 100 76
120 69 120 78
126 69 126 78
138 69 139 73
140 69 140 78
166 69 166 76
174 69 174 76
190 69 190 80
193 69 193 77
6 70 6 80
7 70 8 75
30 70 30 79
35 70 35 80
36 70 36 80
44 70 44 80
45 70 45 78
49 70 50 74
52 70 52 81
66 70 66 78
67 70 67 78
68 70 68 81
70 70 71 73
72 70 72 77
79 70 84 71
85 70 85 78
104 70 106 72
109 70 109 78
127 70 127 81
135 70 135 77
142 70 143 74
144 70 144 78
160 70 160 80
163 70 164 74
172 70 172 79
179 70 179 77
183 70 183 77
189 70 189 79
199 70 199 81
5 71 5 79
18 71 18 82
24 71 24 78
26 71 26 79
42 71 43 74
53 71 53 78
57 71 58 74
76 71 76 82
86 71 86 82
103 71 103 78
121 71 121 82
149 71 149 82
155 71 155 80
157 71 157 82
158 71 158 82
169 71 169 82
1 72 2 77
10 72 10 82
25 72 25 82
31 72 31 81
47 72 47 79
60 72 60 79
79 72 80 76
81 72 84 74
87 72 87 82
89 72 89 81
108 72 108 82
125 72 125 83
130 72 130 83
132 72 133 75
134 72 134 79
146 72 146 80
167 72 167 79
171 72 171 79
175 72 175 81
180 72 181 75
191 72 191 83
195 72 196 76
16 73 16 83
19 73 19 81
28 73 28 84
32 73 32 84
73 73 73 81
74 73 74 80
99 73 99 84
104 73 104 80
105 73 105 84
106 73 106 84
123 73 124 76
128 73 129 77
131 73 131 82
148 73 148 84
184 73 185 78
9 74 9 81
13 74 13 84
20 74 20 82
21 74 21 82
27 74 27 85
48 74 48 81
51 74 51 83
54 74 54 81
70 74 71 77
77 74 78 77
98 74 98 81
117 74 117 81
118 74 118 83
138 74 138 84
139 74 139 84
168 74 168 81
176 74 177 77
182 74 182 82
186 74 186 81
198 74 198 85
15 75 15 85
22 75 23 78
33 75 33 83
39 75 39 86
42 75 42 83
43 75 43 83
49 75 50 78
57 75 58 78
64 75 65 79
81 75 84 77
93 75 94 79
97 75 97 86
110 75 111 80
119 75 119 83
137 75 137 82
142 75 143 78
145 75 145 82
163 75 164 78
194 75 194 85
3 76 3 85
7 76 8 79
14 76 14 87
69 76 69 87
92 76 92 83
101 76 101 85
107 76 107 83
114 76 114 84
115 76 115 87
132 76 132 85
150 76 150 87
153 76 154 80
161 76 162 80
170 76 170 84
173 76 173 83
180 76 180 84
181 76 181 86
197 76 197 87
0 77 0 86
11 77 11 86
17 77 17 84
40 77 40 87
62 77 62 88
79 77 80 81
100 77 100 84
122 77 123 80
151 77 151 88
156 77 156 86
165 77 166 81
174 77 174 86
178 77 178 87
187 77 187 88
195 77 195 87
196 77 196 86
1 78 1 88
2 78 2 85
34 78 34 89
37 78 37 86
38 78 38 89
59 78 59 89
70 78 71 81
72 78 72 87
77 78 77 86
78 78 78 86
81 78 84 79
88 78 88 87
90 78 90 86
91 78 91 87
113 78 113 87
128 78 128 85
135 78 135 88
152 78 152 85
159 78 159 86
176 78 177 82
179 78 179 88
183 78 183 85
188 78 188 87
192 78 193 82
22 79 23 82
24 79 24 86
41 79 41 88
45 79 46 84
49 79 50 83
53 79 53 86
57 79 57 86
58 79 58 88
66 79 66 89
67 79 67 87
85 79 85 89
95 79 95 86
96 79 96 86
102 79 102 88
103 79 103 87
109 79 109 89
112 79 112 89
116 79 116 86
120 79 120 87
124 79 124 90
126 79 126 90
136 79 136 87
140 79 143 81
144 79 144 90
163 79 164 84
184 79 185 84
5 80 5 90
7 80 7 88
8 80 8 88
26 80 26 88
29 80 29 87
30 80 30 87
47 80 47 89
55 80 56 83
60 80 61 83
63 80 64 84
65 80 65 87
81 80 84 81
93 80 94 84
134 80 134 89
147 80 147 91
167 80 167 91
171 80 172 83
189 80 189 91
6 81 6 90
35 81 36 85
44 81 44 91
74 81 75 84
104 81 104 89
110 81 110 89
111 81 111 92
122 81 122 88
129 81 129 92
146 81 146 89
153 81 155 83
160 81 160 88
161 81 162 85
9 82 9 93
19 82 19 92
31 82 31 93
48 82 48 91
52 82 52 92
54 82 54 93
70 82 70 89
71 82 71 90
73 82 73 92
79 82 81 84
82 82 83 85
89 82 89 91
98 82 98 89
117 82 117 92
141 82 141 91
142 82 142 89
143 82 143 89
165 82 166 86
168 82 168 92
175 82 175 93
186 82 186 90
190 82 190 93
199 82 199 93
10 83 10 90
12 83 12 94
18 83 18 91
20 83 23 84
25 83 25 93
68 83 68 94
84 83 84 94
86 83 86 93
87 83 87 90
108 83 108 90
121 83 121 90
123 83 123 94
131 83 131 90
137 83 137 94
145 83 145 94
157 83 158 86
176 83 177 86
182 83 182 90
192 83 193 87
4 84 4 95
16 84 16 94
33 84 33 95
42 84 42 95
43 84 43 92
49 84 50 87
51 84 51 95
55 84 55 95
56 84 56 93
60 84 60 95
61 84 61 95
92 84 92 91
107 84 107 94
118 84 119 88
130 84 130 94
133 84 133 95
140 84 140 95
153 84 153 93
154 84 155 89
171 84 172 87
173 84 173 95
191 84 191 91
13 85 13 95
17 85 17 96
20 85 22 87
23 85 23 92
32 85 32 92
45 85 45 93
63 85 64 88
74 85 74 92
79 85 81 87
93 85 94 88
99 85 100 88
105 85 106 89
114 85 114 92
138 85 139 90
149 85 149 96
164 85 164 95
170 85 170 92
180 85 180 93
184 85 184 94
185 85 185 94
2 86 3 90
15 86 15 97
27 86 28 90
35 86 36 89
46 86 46 97
76 86 76 97
82 86 83 91
101 86 101 96
128 86 128 93
132 86 132 96
152 86 152 97
161 86 162 89
163 86 163 97
183 86 183 96
194 86 194 93
198 86 198 95
0 87 0 96
11 87 11 97
24 87 24 94
37 87 37 96
39 87 39 94
53 87 53 95
57 87 57 95
77 87 77 95
78 87 78 95
90 87 90 96
95 87 95 94
96 87 96 94
116 87 116 97
125 87 125 98
156 87 159 88
165 87 166 90
174 87 174 96
176 87 177 91
181 87 181 98
196 87 196 98
14 88 14 97
20 88 22 90
29 88 30 91
40 88 40 96
49 88 49 95
50 88 50 99
65 88 65 97
67 88 67 96
72 88 72 96
79 88 81 90
88 88 88 97
91 88 91 97
97 88 97 99
103 88 103 99
113 88 113 98
115 88 115 97
120 88 120 95
136 88 136 96
150 88 150 97
171 88 171 96
172 88 172 97
178 88 178 95
188 88 188 99
192 88 193 93
195 88 195 96
197 88 197 99
1 89 1 98
7 89 7 97
8 89 8 96
26 89 26 97
41 89 41 96
58 89 58 99
62 89 64 91
93 89 93 97
94 89 94 100
99 89 100 93
102 89 102 100
118 89 119 94
122 89 122 98
135 89 135 100
156 89 156 99
157 89 157 99
158 89 158 98
159 89 159 97
160 89 160 96
169 89 169 100
179 89 179 98
34 90 36 92
38 90 38 97
47 90 47 99
59 90 59 97
66 90 66 101
69 90 70 93
85 90 85 100
98 90 98 101
104 90 105 93
106 90 106 97
109 90 110 93
112 90 112 101
127 90 127 101
134 90 134 98
142 90 143 93
146 90 146 100
154 90 155 93
161 90 162 94
2 91 2 99
3 91 3 102
5 91 5 98
6 91 6 102
10 91 10 98
20 91 21 94
22 91 22 100
27 91 28 95
71 91 71 100
79 91 81 94
87 91 87 98
108 91 108 98
121 91 121 102
126 91 126 102
131 91 131 101
138 91 138 102
144 91 144 102
151 91 151 102
165 91 166 96
182 91 182 100
186 91 187 94
18 92 18 101
29 92 30 96
44 92 44 100
48 92 48 99
62 92 63 95
64 92 64 100
82 92 82 99
83 92 83 101
89 92 89 99
92 92 92 100
124 92 124 103
141 92 141 101
147 92 148 95
167 92 167 101
176 92 176 102
177 92 177 101
191 92 191 100
19 93 19 100
23 93 23 102
32 93 32 100
34 93 36 95
43 93 43 100
52 93 52 103
73 93 73 104
74 93 74 104
75 93 75 104
111 93 111 102
114 93 114 101
117 93 117 103
129 93 129 100
168 93 168 104
170 93 170 104
189 93 189 104
25 94 25 102
31 94 31 104
45 94 45 104
56 94 56 101
70 94 70 101
86 94 86 105
99 94 100 97
104 94 104 101
105 94 105 104
109 94 109 102
110 94 110 102
128 94 128 102
142 94 143 97
153 94 153 103
154 94 155 97
175 94 175 101
180 94 180 102
190 94 190 104
192 94 193 98
194 94 194 102
12 95 12 104
16 95 16 104
20 95 21 99
24 95 24 103
39 95 39 104
68 95 68 104
79 95 80 98
81 95 81 103
84 95 84 103
95 95 96 100
107 95 107 106
118 95 118 105
119 95 119 102
123 95 123 104
130 95 130 103
137 95 137 106
145 95 145 105
161 95 162 99
184 95 185 98
186 95 187 99
13 96 13 103
27 96 28 100
33 96 33 104
35 96 36 100
42 96 42 105
49 96 49 103
51 96 51 107
53 96 53 105
54 96 55 100
57 96 57 106
60 96 62 98
63 96 63 107
77 96 78 100
120 96 120 107
139 96 139 107
147 96 148 100
164 96 164 103
178 96 178 105
198 96 198 104
0 97 0 107
8 97 9 100
17 97 17 108
29 97 29 104
30 97 30 105
37 97 37 107
40 97 41 100
67 97 67 106
72 97 72 105
90 97 90 105
101 97 101 106
132 97 132 104
136 97 136 104
149 97 149 105
160 97 160 106
165 97 165 106
166 97 166 106
171 97 171 105
173 97 174 102
183 97 183 104
195 97 195 108
199 97 199 108
4 98 4 109
7 98 7 106
11 98 11 108
14 98 15 103
26 98 26 109
38 98 38 109
59 98 59 105
65 98 65 105
69 98 69 109
76 98 76 106
88 98 88 107
91 98 91 105
93 98 93 107
99 98 99 105
100 98 100 107
106 98 106 108
115 98 116 101
133 98 133 109
142 98 142 106
143 98 143 107
150 98 150 105
154 98 155 101
159 98 159 107
163 98 163 107
172 98 172 108
1 99 1 107
5 99 5 106
10 99 10 108
60 99 62 101
79 99 80 102
87 99 87 108
108 99 108 106
113 99 113 107
122 99 122 110
125 99 125 107
134 99 134 106
140 99 140 110
158 99 158 106
179 99 179 110
181 99 181 109
184 99 185 104
192 99 192 107
193 99 193 107
196 99 196 106
2 100 2 108
20 100 21 103
46 100 47 103
48 100 48 111
50 100 50 108
58 100 58 108
82 100 82 110
89 100 89 110
97 100 97 111
152 100 152 111
156 100 157 104
161 100 161 107
162 100 162 110
186 100 188 102
197 100 197 107
8 101 9 105
19 101 19 110
22 101 22 109
27 101 27 112
28 101 28 108
32 101 32 108
35 101 35 111
40 101 41 105
43 101 43 108
44 101 44 110
54 101 55 104
64 101 64 112
71 101 71 110
77 101 78 105
85 101 85 112
92 101 92 112
94 101 94 109
95 101 95 109
96 101 96 109
129 101 129 109
135 101 135 110
146 101 148 103
169 101 169 111
182 101 182 109
191 101 191 108
18 102 18 110
56 102 56 109
60 102 62 104
66 102 66 111
70 102 70 109
83 102 83 109
98 102 98 112
103 102 104 106
112 102 112 111
114 102 114 109
115 102 115 110
116 102 116 109
127 102 127 110
131 102 131 113
141 102 141 109
154 102 154 109
155 102 155 110
167 102 167 111
175 102 175 110
177 102 177 110
3 103 3 114
23 103 23 114
25 103 25 110
34 103 34 114
79 103 79 110
80 103 80 113
109 103 109 112
110 103 111 108
119 103 119 114
121 103 121 110
126 103 126 114
128 103 128 110
138 103 138 112
151 103 151 111
174 103 174 113
176 103 176 112
180 103 180 113
186 103 187 106
188 103 188 113
194 103 194 112
13 104 15 106
20 104 20 113
21 104 21 113
24 104 24 115
47 104 47 113
49 104 49 112
52 104 52 111
81 104 81 113
84 104 84 115
117 104 117 111
124 104 124 115
130 104 130 115
146 104 148 107
153 104 153 111
164 104 164 111
6 105 6 116
12 105 12 112
16 105 16 113
29 105 29 113
31 105 31 116
33 105 33 114
36 105 36 116
39 105 39 112
45 105 45 114
54 105 54 113
60 105 60 116
61 105 62 108
68 105 68 113
73 105 73 112
74 105 74 115
102 105 102 116
105 105 105 112
123 105 123 112
132 105 132 112
136 105 136 116
144 105 144 116
156 105 157 108
170 105 170 112
183 105 184 109
185 105 185 113
189 105 190 108
198 105 198 116
8 106 9 109
30 106 30 115
41 106 41 115
42 106 42 116
53 106 53 117
59 106 59 113
65 106 65 114
72 106 72 116
77 106 78 111
86 106 86 113
90 106 90 113
91 106 91 114
99 106 99 114
118 106 118 114
145 106 145 117
149 106 150 109
168 106 168 117
171 106 171 115
178 106 178 116
5 107 5 117
7 107 7 115
13 107 13 114
14 107 14 114
15 107 15 115
46 107 46 118
57 107 57 118
67 107 67 114
76 107 76 115
101 107 101 115
103 107 104 111
107 107 108 110
134 107 134 114
142 107 142 114
158 107 158 115
160 107 160 114
165 107 165 114
166 107 166 118
186 107 186 115
187 107 187 114
196 107 196 117
0 108 0 116
1 108 1 115
37 108 37 116
51 108 51 115
63 108 63 116
75 108 75 119
88 108 88 118
93 108 93 118
100 108 100 119
113 108 113 118
125 108 125 116
139 108 139 115
143 108 143 115
146 108 148 110
159 108 159 119
161 108 161 115
163 108 163 119
192 108 193 113
197 108 197 116
2 109 2 117
10 109 11 113
28 109 28 120
32 109 32 120
43 109 43 117
50 109 50 120
58 109 58 120
61 109 62 114
87 109 87 118
106 109 106 116
110 109 111 112
156 109 156 117
157 109 157 116
172 109 172 116
190 109 190 120
191 109 191 119
195 109 195 117
4 110 4 117
8 110 8 118
9 110 9 117
22 110 22 118
55 110 56 113
69 110 70 114
83 110 83 119
94 110 94 117
95 110 95 117
96 110 96 119
114 110 114 119
116 110 116 117
129 110 129 121
133 110 133 120
141 110 141 117
149 110 149 117
154 110 154 117
181 110 181 119
182 110 184 112
17 111 19 113
25 111 25 118
38 111 38 122
44 111 44 118
71 111 71 118
79 111 79 118
82 111 82 118
89 111 89 121
107 111 107 119
108 111 108 122
115 111 115 120
120 111 121 114
122 111 122 120
127 111 127 119
128 111 128 121
135 111 135 118
140 111 140 121
146 111 146 121
147 111 148 114
155 111 155 120
162 111 162 120
175 111 175 118
177 111 177 122
179 111 179 122
189 111 189 122
26 112 26 123
35 112 35 119
40 112 40 123
52 112 52 122
66 112 66 120
103 112 104 116
112 112 112 120
117 112 117 122
150 112 153 113
164 112 164 119
167 112 167 122
169 112 169 123
12 113 12 121
27 113 27 120
39 113 39 120
49 113 49 124
64 113 64 122
73 113 73 122
92 113 92 124
97 113 97 124
98 113 98 124
105 113 105 123
109 113 111 115
123 113 123 124
132 113 132 124
138 113 138 122
170 113 170 122
176 113 176 123
182 113 183 116
184 113 184 122
194 113 194 122
10 114 11 117
16 114 18 116
19 114 21 116
29 114 29 122
47 114 47 122
54 114 54 123
55 114 56 117
59 114 59 121
68 114 68 121
80 114 81 118
85 114 86 119
90 114 90 121
150 114 153 115
173 114 174 119
180 114 180 121
185 114 185 123
188 114 188 124
192 114 193 117
3 115 3 122
13 115 13 123
14 115 14 125
33 115 34 119
45 115 45 126
48 115 48 126
61 115 61 126
65 115 65 123
67 115 67 123
69 115 69 125
70 115 70 122
78 115 78 126
91 115 91 124
99 115 99 124
118 115 118 122
120 115 120 123
121 115 121 125
134 115 134 125
142 115 142 124
147 115 147 123
148 115 148 123
160 115 160 122
165 115 165 124
187 115 187 125
199 115 199 126
1 116 1 127
7 116 7 125
15 116 15 123
23 116 24 121
30 116 30 123
41 116 41 125
51 116 51 123
74 116 74 126
76 116 77 119
101 116 101 126
109 116 111 119
119 116 119 127
124 116 124 126
130 116 130 127
131 116 131 127
139 116 139 124
143 116 143 123
150 116 152 118
153 116 153 124
158 116 158 124
161 116 161 123
171 116 171 124
186 116 186 123
0 117 0 126
6 117 6 124
16 117 20 118
21 117 21 127
31 117 31 128
36 117 37 120
42 117 42 125
63 117 63 125
72 117 72 127
102 117 103 120
104 117 104 124
106 117 106 127
125 117 125 127
126 117 126 128
144 117 144 127
157 117 157 126
172 117 172 125
178 117 178 126
182 117 183 122
197 117 197 128
2 118 2 129
4 118 5 122
9 118 10 121
43 118 43 129
53 118 53 126
55 118 56 122
60 118 60 129
84 118 84 129
94 118 94 126
95 118 95 127
116 118 116 125
141 118 141 125
149 118 149 125
154 118 154 125
156 118 156 129
192 118 193 121
195 118 196 121
198 118 198 129
8 119 8 127
11 119 11 130
16 119 20 120
22 119 22 127
25 119 25 129
44 119 44 128
46 119 46 129
57 119 57 126
71 119 71 128
79 119 79 126
80 119 80 128
81 119 82 123
87 119 88 123
93 119 93 129
113 119 113 126
135 119 137 121
150 119 151 123
152 119 152 126
175 119 175 126
33 120 35 122
75 120 75 129
76 120 76 130
77 120 77 129
83 120 83 127
86 120 86 127
96 120 96 131
100 120 100 128
107 120 107 127
109 120 111 122
114 120 114 127
127 120 127 128
159 120 159 130
163 120 163 128
164 120 164 130
173 120 173 128
174 120 174 129
181 120 181 127
191 120 191 127
16 121 20 122
27 121 27 130
32 121 32 130
36 121 36 128
37 121 37 129
39 121 39 128
50 121 50 130
58 121 58 132
66 121 66 128
85 121 85 132
102 121 103 124
112 121 112 130
115 121 115 129
122 121 122 129
133 121 133 130
145 121 145 132
155 121 155 128
162 121 162 132
168 121 168 132
9 122 9 130
10 122 10 132
12 122 12 133
23 122 23 133
24 122 24 132
59 122 59 132
68 122 68 131
89 122 89 131
90 122 90 131
128 122 129 126
135 122 137 125
140 122 140 129
146 122 146 133
166 122 166 133
180 122 180 130
192 122 192 130
193 122 193 130
195 122 195 133
196 122 196 133
3 123 5 125
16 123 16 131
17 123 20 124
29 123 29 133
33 123 35 125
38 123 38 134
47 123 47 132
52 123 52 134
55 123 55 132
56 123 56 134
64 123 64 134
70 123 70 130
73 123 73 130
108 123 109 127
110 123 110 133
111 123 111 130
117 123 118 128
138 123 138 130
160 123 160 132
167 123 167 131
170 123 170 130
182 123 184 126
189 123 190 126
194 123 194 132
13 124 13 131
15 124 15 133
26 124 26 134
30 124 30 135
40 124 40 134
51 124 51 131
54 124 54 133
65 124 65 132
67 124 67 135
81 124 81 132
82 124 82 132
87 124 87 134
88 124 88 132
105 124 105 132
120 124 120 132
143 124 143 131
147 124 148 128
150 124 150 133
151 124 151 131
161 124 161 133
169 124 169 131
176 124 176 132
185 124 185 132
186 124 186 131
6 125 6 133
17 125 17 135
18 125 19 128
49 125 49 132
91 125 91 133
92 125 92 136
97 125 98 128
99 125 99 134
102 125 102 136
103 125 103 134
104 125 104 132
132 125 132 136
139 125 139 136
142 125 142 133
153 125 153 133
158 125 158 135
165 125 165 135
171 125 171 133
177 125 177 136
188 125 188 133
3 126 5 128
7 126 7 133
14 126 14 133
33 126 34 129
35 126 35 133
41 126 42 131
62 126 63 131
69 126 69 135
116 126 116 133
121 126 121 137
123 126 123 137
134 126 135 129
136 126 136 135
137 126 137 134
141 126 141 134
149 126 149 133
154 126 154 133
172 126 172 133
187 126 187 134
0 127 0 135
45 127 45 138
48 127 48 138
53 127 53 135
57 127 57 138
61 127 61 137
74 127 74 136
78 127 78 134
79 127 79 135
94 127 94 134
101 127 101 135
113 127 113 137
124 127 124 137
128 127 129 130
152 127 152 134
157 127 157 138
175 127 175 137
178 127 178 138
179 127 179 138
184 127 184 137
189 127 190 132
199 127 199 137
1 128 1 139
8 128 8 135
20 128 21 132
22 128 22 135
72 128 72 136
83 128 83 136
86 128 86 137
95 128 95 137
106 128 107 131
108 128 109 133
114 128 114 137
125 128 125 136
144 128 144 136
181 128 183 130
191 128 191 137
3 129 3 139
4 129 5 132
18 129 18 136
19 129 19 137
31 129 31 137
36 129 36 139
39 129 39 139
44 129 44 138
66 129 66 136
71 129 71 138
80 129 80 137
97 129 97 137
98 129 98 136
100 129 100 137
117 129 119 131
126 129 126 140
127 129 127 137
131 129 131 140
147 129 147 140
148 129 148 140
155 129 155 139
163 129 163 137
173 129 173 136
197 129 197 136
2 130 2 140
25 130 25 140
33 130 33 140
34 130 34 140
37 130 37 140
43 130 43 137
46 130 46 141
60 130 60 140
75 130 75 141
77 130 77 139
84 130 84 137
93 130 93 139
115 130 115 138
122 130 122 141
134 130 135 135
140 130 140 137
156 130 156 139
174 130 174 141
198 130 198 141
9 131 9 142
11 131 11 141
27 131 27 138
32 131 32 140
50 131 50 138
70 131 70 140
73 131 73 138
76 131 76 139
111 131 111 139
112 131 112 138
128 131 130 133
133 131 133 138
138 131 138 142
159 131 159 142
164 131 164 142
170 131 170 142
180 131 181 134
182 131 182 142
183 131 183 142
192 131 192 138
193 131 193 141
13 132 13 139
16 132 16 143
41 132 41 142
42 132 42 139
51 132 51 139
62 132 62 142
63 132 63 141
68 132 68 143
89 132 90 136
96 132 96 142
106 132 107 136
117 132 117 142
118 132 119 135
143 132 143 142
151 132 151 141
167 132 167 142
169 132 169 140
186 132 186 140
4 133 5 136
10 133 10 140
21 133 21 141
24 133 24 143
47 133 47 144
49 133 49 140
55 133 55 144
58 133 59 138
65 133 65 143
81 133 81 144
82 133 82 140
85 133 85 140
88 133 88 140
104 133 104 140
105 133 105 140
120 133 120 140
145 133 145 141
160 133 160 140
162 133 162 143
168 133 168 144
176 133 176 140
185 133 185 144
190 133 190 140
194 133 194 141
6 134 7 138
12 134 12 141
14 134 15 138
20 134 20 145
23 134 23 142
28 134 28 145
29 134 29 143
35 134 35 143
54 134 54 143
91 134 91 141
108 134 108 144
109 134 110 138
116 134 116 144
128 134 128 141
129 134 130 138
142 134 142 144
146 134 146 143
149 134 150 139
153 134 153 145
154 134 154 145
161 134 161 141
166 134 166 144
171 134 172 137
188 134 188 144
195 134 196 138
26 135 26 146
38 135 38 146
40 135 40 145
52 135 52 146
56 135 56 146
64 135 64 144
78 135 78 143
87 135 87 146
94 135 94 143
99 135 99 142
103 135 103 144
137 135 137 144
141 135 141 143
152 135 152 145
180 135 180 144
181 135 181 142
187 135 187 143
0 136 0 143
8 136 8 144
17 136 17 143
22 136 22 143
30 136 30 147
53 136 53 145
67 136 67 146
69 136 69 143
79 136 79 143
101 136 101 144
118 136 118 143
119 136 119 143
134 136 136 138
158 136 158 144
165 136 165 145
189 136 189 147
4 137 5 140
18 137 18 145
66 137 66 146
72 137 72 148
74 137 74 144
83 137 83 144
89 137 90 140
98 137 98 145
102 137 102 144
106 137 107 140
125 137 125 146
132 137 132 148
139 137 139 148
144 137 144 146
173 137 173 144
177 137 177 144
197 137 197 145
19 138 19 146
31 138 31 149
43 138 43 149
61 138 61 147
80 138 80 146
84 138 84 149
86 138 86 145
95 138 95 149
97 138 97 149
100 138 100 149
113 138 114 143
121 138 121 147
123 138 123 147
124 138 124 147
127 138 127 145
140 138 140 147
163 138 163 148
171 138 171 145
172 138 172 149
175 138 175 145
184 138 184 147
191 138 191 148
199 138 199 146
7 139 7 147
15 139 15 150
27 139 27 148
44 139 45 144
50 139 50 150
57 139 58 142
59 139 59 150
71 139 71 148
73 139 73 150
109 139 110 142
112 139 112 146
115 139 115 149
129 139 129 147
133 139 133 150
134 139 136 142
157 139 157 148
179 139 179 147
192 139 192 148
195 139 195 147
1 140 1 147
3 140 3 149
13 140 14 144
36 140 36 147
39 140 39 149
42 140 42 151
48 140 48 151
51 140 51 151
76 140 77 143
92 140 92 151
93 140 93 150
111 140 111 151
130 140 130 151
149 140 149 148
155 140 156 145
2 141 2 149
4 141 4 151
5 141 5 148
6 141 6 152
10 141 10 151
25 141 25 152
32 141 32 151
33 141 33 150
34 141 34 151
37 141 37 152
49 141 49 148
60 141 60 151
70 141 70 148
82 141 82 149
85 141 85 150
88 141 90 143
104 141 104 148
105 141 105 148
106 141 107 145
120 141 120 151
126 141 126 149
131 141 131 148
147 141 148 145
160 141 160 150
169 141 169 151
176 141 176 151
186 141 186 148
190 141 190 148
11 142 12 145
21 142 21 149
46 142 46 150
63 142 63 153
75 142 75 150
91 142 91 153
128 142 128 151
145 142 145 153
150 142 151 145
161 142 161 150
174 142 174 152
193 142 194 146
23 143 23 151
41 143 41 153
57 143 58 148
62 143 62 150
96 143 96 153
99 143 99 151
109 143 109 150
117 143 117 150
122 143 122 154
134 143 134 153
135 143 135 151
136 143 136 150
143 143 143 151
164 143 164 151
167 143 167 151
170 143 170 153
181 143 183 145
0 144 0 151
9 144 9 155
16 144 17 147
22 144 22 151
24 144 24 152
29 144 29 151
35 144 35 151
54 144 54 151
65 144 65 153
68 144 68 155
69 144 69 151
76 144 79 145
88 144 88 151
89 144 89 152
94 144 94 151
113 144 113 152
114 144 114 152
118 144 118 151
119 144 119 155
141 144 141 154
146 144 146 154
162 144 162 151
187 144 187 153
8 145 8 153
13 145 14 148
44 145 45 148
47 145 47 152
55 145 55 153
64 145 64 155
74 145 74 154
83 145 83 156
101 145 103 147
108 145 108 154
116 145 116 153
137 145 137 153
142 145 142 153
158 145 158 153
166 145 166 156
173 145 173 154
177 145 177 152
178 145 178 156
180 145 180 155
185 145 185 154
188 145 188 153
11 146 12 149
18 146 18 155
40 146 40 153
53 146 53 156
76 146 76 153
79 146 79 154
86 146 86 156
90 146 90 157
98 146 98 154
106 146 106 157
107 146 107 153
127 146 127 154
148 146 148 156
150 146 153 147
154 146 156 148
165 146 165 156
168 146 168 157
171 146 171 153
175 146 175 157
181 146 183 148
196 146 197 150
198 146 198 157
19 147 20 150
26 147 26 156
52 147 52 157
56 147 56 155
66 147 66 154
67 147 67 155
80 147 81 151
87 147 87 157
112 147 112 155
125 147 125 157
144 147 144 158
193 147 194 150
199 147 199 154
1 148 1 157
7 148 7 155
16 148 16 156
17 148 17 157
28 148 28 159
30 148 30 156
36 148 36 157
61 148 61 157
101 148 103 151
121 148 121 159
123 148 124 151
129 148 129 158
140 148 140 159
150 148 150 159
151 148 152 151
153 148 153 157
159 148 159 159
179 148 179 155
184 148 184 159
189 148 189 156
195 148 195 155
5 149 5 159
13 149 14 152
27 149 27 159
38 149 38 160
44 149 44 156
45 149 45 156
49 149 49 157
57 149 57 157
58 149 58 159
70 149 72 151
104 149 104 159
105 149 105 159
110 149 110 160
131 149 132 152
147 149 147 160
149 149 149 157
154 149 154 156
155 149 156 152
157 149 157 158
163 149 163 157
181 149 183 151
186 149 186 158
190 149 191 153
192 149 192 157
2 150 3 153
11 150 12 154
21 150 21 159
39 150 39 160
43 150 43 161
77 150 77 161
82 150 82 157
84 150 84 157
95 150 95 158
97 150 97 161
100 150 100 157
115 150 115 161
126 150 126 157
138 150 138 161
139 150 139 161
172 150 172 161
19 151 19 158
20 151 20 161
33 151 33 158
46 151 46 161
50 151 50 159
59 151 59 161
62 151 62 159
75 151 75 162
78 151 78 162
85 151 85 158
93 151 93 160
109 151 109 158
117 151 117 158
136 151 136 161
160 151 161 155
193 151 193 158
194 151 194 160
197 151 197 161
0 152 0 163
4 152 4 162
10 152 10 161
22 152 23 155
29 152 29 163
31 152 32 157
34 152 35 155
42 152 42 163
48 152 48 160
54 152 54 160
60 152 60 160
69 152 69 159
71 152 71 162
80 152 81 155
88 152 88 159
92 152 92 160
94 152 94 159
99 152 99 159
101 152 103 155
118 152 118 159
120 152 120 163
123 152 123 162
124 152 124 159
128 152 128 160
130 152 130 160
135 152 135 159
143 152 143 159
151 152 151 160
152 152 152 163
162 152 162 163
164 152 164 159
167 152 167 159
169 152 169 160
176 152 176 159
181 152 181 162
182 152 183 156
6 153 6 160
13 153 13 164
14 153 15 158
24 153 24 162
37 153 37 164
47 153 47 161
51 153 51 164
89 153 89 161
113 153 114 157
131 153 132 156
155 153 156 156
174 153 174 161
177 153 177 162
2 154 2 162
3 154 3 162
8 154 8 161
40 154 41 157
55 154 55 161
63 154 63 161
65 154 65 163
72 154 72 165
76 154 76 165
96 154 96 161
107 154 107 161
116 154 116 164
133 154 134 157
137 154 137 162
142 154 142 161
158 154 158 163
170 154 171 158
187 154 188 157
190 154 190 165
191 154 191 164
12 155 12 165
66 155 66 162
73 155 74 160
79 155 79 166
98 155 98 164
108 155 108 162
122 155 122 163
127 155 127 165
141 155 141 166
146 155 146 163
173 155 173 166
185 155 185 166
199 155 199 165
7 156 7 163
9 156 9 166
18 156 18 167
22 156 23 159
25 156 25 167
34 156 35 160
56 156 56 165
64 156 64 167
67 156 67 164
80 156 81 161
101 156 102 159
103 156 103 163
111 156 112 159
160 156 160 167
179 156 179 164
180 156 180 167
195 156 196 161
11 157 11 168
16 157 16 164
26 157 26 165
30 157 30 166
44 157 45 161
53 157 53 168
86 157 86 168
131 157 132 160
148 157 148 168
154 157 155 161
161 157 161 168
165 157 166 160
178 157 178 168
182 157 182 168
183 157 183 164
189 157 189 165
1 158 1 165
17 158 17 166
31 158 31 166
32 158 32 166
36 158 36 167
40 158 41 161
49 158 49 166
52 158 52 165
57 158 57 169
61 158 61 165
68 158 68 169
82 158 84 161
87 158 87 167
90 158 91 162
100 158 100 165
113 158 114 162
125 158 126 161
133 158 133 166
134 158 134 166
149 158 149 165
153 158 153 167
163 158 163 168
168 158 168 168
187 158 187 165
188 158 188 165
192 158 192 166
198 158 198 165
14 159 15 162
19 159 19 170
33 159 33 170
70 159 70 170
85 159 85 168
95 159 95 169
109 159 109 166
117 159 117 168
119 159 119 170
129 159 129 167
144 159 145 162
156 159 157 163
170 159 170 170
171 159 171 167
186 159 186 168
193 159 193 166
5 160 5 170
21 160 23 162
27 160 27 169
28 160 28 168
50 160 50 167
58 160 58 168
62 160 62 170
69 160 69 167
88 160 88 171
94 160 94 169
99 160 99 167
101 160 102 163
104 160 105 163
111 160 112 164
118 160 118 168
124 160 124 170
135 160 135 167
140 160 140 171
143 160 143 169
159 160 159 167
164 160 164 167
167 160 167 167
175 160 176 164
184 160 184 168
6 161 6 169
34 161 35 164
38 161 39 164
48 161 48 172
54 161 54 168
60 161 60 169
73 161 74 165
92 161 92 168
93 161 93 169
110 161 110 169
128 161 128 172
130 161 132 164
147 161 147 171
150 161 151 164
166 161 166 169
169 161 169 171
194 161 194 171
8 162 8 170
10 162 10 169
20 162 20 170
40 162 41 166
43 162 44 165
45 162 47 164
55 162 55 170
59 162 59 170
63 162 63 173
77 162 77 170
80 162 83 163
84 162 84 169
89 162 89 169
96 162 96 170
97 162 97 171
106 162 107 166
125 162 125 170
126 162 126 170
136 162 136 173
138 162 139 165
142 162 142 169
154 162 155 165
174 162 174 169
195 162 195 172
196 162 197 166
2 163 2 170
3 163 4 166
14 163 14 173
15 163 15 173
21 163 23 165
24 163 24 171
66 163 66 172
71 163 71 172
75 163 75 174
78 163 78 170
90 163 91 167
108 163 108 172
113 163 113 170
114 163 114 170
123 163 123 172
137 163 137 171
144 163 144 170
145 163 145 172
165 163 165 174
177 163 177 173
181 163 181 173
0 164 0 171
7 164 7 171
29 164 29 175
42 164 42 174
65 164 65 172
80 164 83 165
101 164 101 173
102 164 102 171
103 164 103 172
104 164 104 172
105 164 105 173
121 164 121 175
122 164 122 175
146 164 146 173
152 164 152 171
156 164 156 171
157 164 157 173
158 164 158 173
16 165 16 172
34 165 34 175
35 165 35 172
37 165 37 175
39 165 39 175
45 165 45 172
46 165 46 174
47 165 47 172
51 165 51 174
67 165 67 176
98 165 98 172
112 165 112 173
115 165 116 169
120 165 120 176
130 165 130 175
151 165 151 176
162 165 162 176
175 165 175 176
176 165 176 172
179 165 179 173
183 165 183 174
191 165 191 176
1 166 1 176
12 166 13 169
21 166 22 169
23 166 23 173
26 166 26 174
43 166 44 169
52 166 52 177
56 166 56 174
61 166 61 177
72 166 72 173
73 166 73 176
74 166 74 174
80 166 80 174
81 166 82 169
83 166 83 176
100 166 100 176
127 166 127 174
131 166 131 177
138 166 138 174
139 166 139 174
149 166 149 174
154 166 155 170
187 166 188 169
189 166 190 170
198 166 198 177
199 166 199 176
3 167 4 171
9 167 9 178
17 167 17 175
30 167 30 175
31 167 31 174
32 167 32 175
40 167 41 171
49 167 49 174
79 167 79 178
107 167 107 177
109 167 109 178
132 167 134 169
141 167 141 174
172 167 173 171
185 167 185 176
192 167 192 176
193 167 193 177
196 167 197 170
18 168 18 175
25 168 25 175
36 168 36 179
50 168 50 176
69 168 69 175
87 168 87 175
90 168 91 171
99 168 99 176
129 168 129 177
135 168 135 179
153 168 153 178
159 168 160 172
164 168 164 177
167 168 167 175
171 168 171 175
11 169 11 179
28 169 28 176
38 169 38 180
53 169 54 173
58 169 58 176
64 169 64 180
85 169 85 176
86 169 86 180
92 169 92 176
111 169 111 180
117 169 118 173
148 169 148 177
150 169 150 180
161 169 161 176
163 169 163 180
168 169 168 178
178 169 178 179
180 169 180 180
184 169 184 176
186 169 186 177
6 170 6 177
10 170 10 181
12 170 12 177
13 170 13 181
21 170 22 173
27 170 27 181
43 170 44 174
57 170 57 178
60 170 60 181
81 170 81 177
82 170 82 180
84 170 84 178
89 170 89 180
93 170 94 173
95 170 95 181
110 170 110 177
115 170 115 179
132 170 134 172
142 170 143 173
166 170 166 177
174 170 174 177
187 170 187 181
188 170 188 178
2 171 2 181
5 171 5 179
8 171 8 180
19 171 19 178
20 171 20 178
33 171 33 178
55 171 55 179
59 171 59 180
62 171 62 182
70 171 70 182
76 171 77 174
78 171 78 180
96 171 96 179
113 171 113 179
114 171 114 178
124 171 126 173
144 171 144 182
154 171 154 179
155 171 155 179
170 171 170 178
189 171 189 178
190 171 190 178
196 171 197 175
0 172 0 183
3 172 4 175
7 172 7 179
24 172 24 183
40 172 41 175
88 172 88 181
90 172 90 180
97 172 97 182
102 172 102 181
106 172 106 183
119 172 119 183
137 172 137 180
140 172 140 179
147 172 147 183
152 172 152 179
156 172 156 182
169 172 169 179
172 172 173 177
182 172 182 183
194 172 194 183
16 173 16 183
35 173 35 183
45 173 45 181
47 173 47 182
48 173 48 183
65 173 66 176
71 173 71 181
98 173 98 184
103 173 103 181
104 173 104 184
108 173 108 181
123 173 123 182
128 173 128 180
132 173 132 180
133 173 133 180
134 173 134 183
145 173 145 182
159 173 160 176
176 173 176 181
195 173 195 181
14 174 14 182
15 174 15 183
22 174 22 181
23 174 23 182
53 174 53 181
54 174 54 184
72 174 72 181
93 174 94 177
101 174 101 181
105 174 105 183
112 174 112 184
116 174 118 176
124 174 126 177
136 174 136 181
142 174 143 178
146 174 146 182
157 174 157 181
158 174 158 184
177 174 177 183
179 174 179 183
181 174 181 185
21 175 21 186
26 175 26 182
31 175 31 183
42 175 43 179
44 175 44 185
46 175 46 186
49 175 49 183
51 175 51 182
56 175 56 184
74 175 76 177
77 175 77 182
80 175 80 184
127 175 127 185
138 175 139 179
141 175 141 182
149 175 149 186
183 175 183 185
3 176 4 179
17 176 18 179
25 176 25 187
29 176 30 180
32 176 32 185
34 176 34 184
37 176 37 184
39 176 41 178
69 176 69 184
87 176 87 183
121 176 122 180
130 176 130 187
167 176 167 184
171 176 171 185
196 176 196 184
197 176 197 186
1 177 1 184
28 177 28 184
50 177 50 186
58 177 58 184
65 177 68 178
73 177 73 184
83 177 83 184
85 177 85 184
91 177 92 181
99 177 99 187
100 177 100 188
116 177 116 185
117 177 117 187
118 177 118 186
120 177 120 187
151 177 151 188
159 177 160 180
161 177 161 184
162 177 162 186
184 177 185 181
191 177 192 181
199 177 199 185
6 178 6 187
12 178 12 185
61 178 61 189
74 178 75 181
81 178 81 185
93 178 93 186
94 178 94 185
107 178 107 185
110 178 110 185
124 178 124 186
125 178 125 186
126 178 126 187
129 178 129 185
148 178 148 187
164 178 164 185
166 178 166 186
172 178 172 185
173 178 174 182
186 178 186 185
193 178 193 186
198 178 198 185
9 179 9 186
19 179 19 188
20 179 20 186
33 179 33 190
39 179 39 187
40 179 40 187
41 179 41 188
57 179 57 186
65 179 67 181
68 179 68 188
79 179 79 188
84 179 84 190
109 179 109 187
114 179 114 186
143 179 143 186
153 179 153 189
168 179 168 190
170 179 170 190
175 179 175 190
188 179 189 182
190 179 190 188
3 180 4 183
5 180 5 190
7 180 7 187
11 180 11 191
17 180 17 187
18 180 18 189
36 180 36 191
42 180 42 189
43 180 43 188
55 180 55 188
96 180 96 190
113 180 113 191
115 180 115 189
131 180 131 191
135 180 135 189
138 180 140 182
152 180 152 188
154 180 155 184
169 180 169 188
178 180 178 190
8 181 8 189
29 181 30 186
38 181 38 189
59 181 59 189
63 181 64 185
76 181 76 192
78 181 78 189
82 181 82 189
86 181 86 189
89 181 89 189
90 181 90 188
111 181 111 190
121 181 122 185
128 181 128 189
132 181 133 185
137 181 137 191
142 181 142 192
150 181 150 192
160 181 160 192
163 181 163 189
165 181 165 192
2 182 2 193
10 182 10 189
13 182 13 189
22 182 22 193
27 182 27 190
45 182 45 190
52 182 53 186
65 182 66 185
67 182 67 192
71 182 71 191
72 182 72 189
74 182 75 186
88 182 88 191
92 182 92 189
101 182 103 185
108 182 108 190
136 182 136 190
157 182 157 190
176 182 176 193
184 182 185 185
191 182 192 185
195 182 195 192
14 183 14 191
23 183 23 191
26 183 26 194
47 183 47 191
51 183 51 190
60 183 60 194
62 183 62 194
70 183 70 192
77 183 77 190
97 183 97 190
123 183 123 191
138 183 138 194
139 183 140 186
141 183 141 191
144 183 145 186
146 183 146 191
156 183 156 190
173 183 174 187
180 183 180 194
187 183 188 186
189 183 189 192
3 184 3 195
4 184 4 192
15 184 16 187
24 184 24 191
31 184 31 195
35 184 35 195
48 184 49 188
87 184 87 195
105 184 106 188
119 184 119 191
134 184 134 194
147 184 147 193
177 184 177 194
179 184 179 194
182 184 182 191
194 184 194 195
0 185 1 190
28 185 28 193
34 185 34 195
37 185 37 194
54 185 54 196
56 185 56 196
58 185 58 192
69 185 69 194
73 185 73 193
80 185 80 192
83 185 83 192
85 185 85 196
98 185 98 193
104 185 104 195
112 185 112 195
154 185 155 188
158 185 158 194
161 185 161 192
167 185 167 193
196 185 196 195
12 186 12 194
32 186 32 197
44 186 44 193
63 186 64 189
65 186 65 193
66 186 66 197
81 186 81 196
91 186 91 197
94 186 94 193
95 186 95 197
101 186 102 190
107 186 107 197
110 186 110 194
116 186 116 193
121 186 121 196
122 186 122 195
127 186 127 195
129 186 129 194
132 186 133 189
164 186 164 195
171 186 171 193
172 186 172 193
181 186 181 194
183 186 183 193
184 186 186 188
191 186 192 191
198 186 198 195
199 186 199 197
9 187 9 195
20 187 21 191
29 187 30 190
46 187 46 194
50 187 50 195
53 187 53 197
57 187 57 196
74 187 74 197
75 187 75 195
93 187 93 198
114 187 114 198
118 187 118 194
124 187 125 192
139 187 140 191
143 187 144 190
145 187 145 196
149 187 149 195
162 187 162 198
166 187 166 194
187 187 188 191
193 187 193 198
197 187 197 197
6 188 6 196
7 188 7 198
15 188 16 191
17 188 17 198
39 188 39 195
40 188 40 195
99 188 99 199
109 188 109 198
117 188 117 195
120 188 120 195
126 188 126 196
130 188 130 196
148 188 148 199
173 188 174 191
19 189 19 197
41 189 41 197
43 189 43 200
48 189 49 193
52 189 52 200
55 189 55 199
68 189 68 197
79 189 79 199
90 189 90 196
100 189 100 197
105 189 106 192
151 189 152 192
154 189 155 194
159 189 159 200
169 189 169 199
184 189 185 192
186 189 186 199
190 189 190 196
8 190 8 199
10 190 10 201
13 190 13 197
18 190 18 198
38 190 38 197
42 190 42 197
59 190 59 200
61 190 61 197
63 190 63 199
64 190 64 199
72 190 72 197
78 190 78 197
82 190 82 199
86 190 86 201
89 190 89 201
92 190 92 197
115 190 115 201
128 190 128 200
132 190 132 199
133 190 133 201
135 190 135 201
153 190 153 199
163 190 163 197
0 191 0 198
5 191 5 199
27 191 27 202
29 191 30 194
45 191 45 198
51 191 51 198
77 191 77 201
96 191 97 194
101 191 103 193
108 191 108 198
111 191 111 198
136 191 136 202
143 191 144 194
156 191 156 198
157 191 157 200
168 191 168 201
175 191 175 199
178 191 178 201
11 192 11 199
14 192 16 195
20 192 20 201
23 192 23 199
24 192 24 199
36 192 36 200
47 192 47 202
71 192 71 200
88 192 88 202
119 192 119 201
123 192 123 200
131 192 131 199
137 192 137 199
139 192 140 195
141 192 141 200
146 192 146 199
170 192 170 203
174 192 174 201
182 192 182 201
187 192 188 196
191 192 192 197
4 193 4 201
21 193 21 204
25 193 25 204
58 193 58 200
67 193 67 202
70 193 70 200
76 193 76 200
80 193 80 201
83 193 83 200
105 193 106 197
125 193 125 201
142 193 142 200
150 193 151 196
152 193 152 200
160 193 160 203
161 193 161 200
165 193 165 202
184 193 185 197
189 193 189 204
195 193 195 203
2 194 2 205
22 194 22 205
28 194 28 202
44 194 44 201
48 194 49 197
65 194 65 204
73 194 73 202
94 194 94 203
98 194 98 202
101 194 103 196
116 194 116 205
147 194 147 203
167 194 167 203
171 194 173 197
176 194 176 201
183 194 183 201
12 195 12 203
29 195 30 198
37 195 37 203
46 195 46 205
60 195 60 204
62 195 62 206
69 195 69 202
96 195 97 200
110 195 110 202
113 195 113 206
118 195 118 203
124 195 124 206
129 195 129 202
134 195 134 202
143 195 144 198
154 195 155 198
158 195 158 202
166 195 166 203
177 195 177 204
179 195 179 205
181 195 181 205
9 196 9 203
14 196 16 198
26 196 26 207
34 196 34 204
35 196 35 204
39 196 40 200
50 196 50 205
75 196 75 205
87 196 87 207
104 196 104 205
112 196 112 203
117 196 117 207
120 196 120 203
122 196 122 203
127 196 127 207
138 196 140 198
149 196 149 206
164 196 164 205
196 196 196 206
198 196 198 203
3 197 3 208
6 197 6 205
56 197 57 200
81 197 81 208
85 197 85 205
90 197 90 205
101 197 101 204
102 197 103 201
121 197 121 204
126 197 126 204
130 197 130 205
145 197 145 204
150 197 151 202
187 197 187 204
188 197 188 208
190 197 190 205
1 198 1 209
13 198 13 205
19 198 19 207
31 198 33 201
38 198 38 206
41 198 42 202
48 198 48 206
49 198 49 206
53 198 53 206
61 198 61 206
68 198 68 205
72 198 72 206
74 198 74 205
78 198 78 205
91 198 91 205
92 198 92 207
95 198 95 207
100 198 100 207
106 198 106 208
107 198 107 208
163 198 163 205
171 198 172 203
184 198 184 205
185 198 185 209
191 198 191 205
192 198 192 205
197 198 197 207
199 198 199 205
0 199 0 206
7 199 7 210
14 199 17 200
18 199 18 208
29 199 29 207
30 199 30 207
45 199 45 207
51 199 51 207
93 199 93 206
108 199 109 202
111 199 111 210
114 199 114 207
138 199 140 201
143 199 144 202
154 199 155 202
156 199 156 210
162 199 162 208
193 199 193 206
5 200 5 207
8 200 8 208
11 200 11 209
23 200 23 207
24 200 24 210
54 200 55 203
63 200 63 211
64 200 64 209
66 200 66 211
79 200 79 211
82 200 82 210
99 200 99 207
131 200 131 207
132 200 132 207
137 200 137 207
146 200 146 208
153 200 153 207
169 200 169 208
175 200 175 211
186 200 186 210
14 201 14 211
15 201 15 209
16 201 16 208
17 201 17 212
36 201 36 212
39 201 40 204
43 201 43 211
52 201 52 208
56 201 59 202
70 201 71 205
76 201 76 210
83 201 84 204
96 201 96 209
97 201 97 208
123 201 123 208
128 201 128 212
141 201 142 204
152 201 152 211
157 201 157 210
159 201 159 208
161 201 161 212
180 201 180 212
4 202 4 211
10 202 10 211
20 202 20 211
31 202 31 212
32 202 32 211
44 202 44 211
77 202 77 210
80 202 80 212
86 202 86 212
102 202 103 205
105 202 105 213
119 202 119 210
125 202 125 209
133 202 133 213
135 202 135 213
138 202 139 205
140 202 140 210
148 202 148 213
168 202 168 210
173 202 174 205
176 202 176 211
178 202 178 211
182 202 183 206
27 203 27 212
28 203 28 213
41 203 42 207
47 203 47 214
56 203 59 204
67 203 67 212
69 203 69 211
73 203 73 211
88 203 89 206
98 203 98 214
108 203 110 205
115 203 115 214
129 203 129 211
134 203 134 214
136 203 136 213
143 203 143 210
144 203 144 214
150 203 150 213
151 203 151 211
154 203 155 207
158 203 158 211
165 203 165 211
9 204 9 213
12 204 12 212
37 204 37 211
54 204 55 208
94 204 94 215
112 204 112 215
118 204 118 214
120 204 120 211
122 204 122 215
147 204 147 213
160 204 160 211
166 204 167 207
170 204 171 207
172 204 172 211
194 204 195 209
198 204 198 213
21 205 21 214
25 205 25 212
34 205 34 213
35 205 35 212
40 205 40 214
56 205 57 208
58 205 58 213
60 205 60 214
65 205 65 216
83 205 84 208
101 205 101 213
121 205 121 215
126 205 126 214
141 205 142 209
145 205 145 213
177 205 177 212
187 205 187 212
189 205 189 216
2 206 2 215
6 206 6 217
13 206 13 213
22 206 22 215
46 206 46 214
50 206 50 213
68 206 68 216
70 206 71 209
74 206 74 215
75 206 75 215
78 206 78 217
85 206 85 213
90 206 91 211
102 206 103 209
104 206 104 216
108 206 108 214
109 206 110 209
130 206 130 214
138 206 138 215
139 206 139 213
163 206 163 213
164 206 164 213
173 206 174 211
179 206 179 215
181 206 181 215
184 206 184 216
190 206 191 209
192 206 192 214
199 206 199 213
0 207 0 216
38 207 38 217
48 207 48 218
49 207 49 215
53 207 53 214
61 207 61 214
62 207 62 214
72 207 72 215
88 207 89 211
93 207 93 215
113 207 113 214
124 207 124 218
149 207 149 214
182 207 183 212
193 207 193 215
196 207 196 218
5 208 5 216
19 208 19 218
23 208 23 215
26 208 26 219
29 208 30 213
33 208 33 219
39 208 39 219
41 208 42 213
45 208 45 219
51 208 51 215
87 208 87 216
92 208 92 215
95 208 95 216
99 208 100 213
114 208 114 219
116 208 117 212
127 208 127 215
131 208 132 211
137 208 137 219
153 208 154 212
155 208 155 219
166 208 166 217
167 208 167 216
170 208 170 218
171 208 171 219
197 208 197 216
3 209 3 220
8 209 8 220
16 209 16 220
18 209 18 219
52 209 52 217
54 209 54 217
55 209 55 216
56 209 56 216
57 209 57 216
83 209 83 217
84 209 84 220
97 209 97 220
106 209 107 212
123 209 123 219
146 209 146 218
159 209 159 218
162 209 162 218
169 209 169 218
188 209 188 219
1 210 1 221
11 210 11 221
15 210 15 217
59 210 59 221
64 210 64 221
70 210 70 219
71 210 71 217
96 210 96 221
102 210 103 213
109 210 110 214
125 210 125 218
141 210 142 214
185 210 185 217
190 210 190 218
191 210 191 218
194 210 195 214
7 211 7 218
24 211 24 218
76 211 77 214
81 211 82 214
119 211 119 220
140 211 140 219
143 211 143 218
157 211 157 220
168 211 168 219
186 211 186 221
4 212 4 220
10 212 10 220
14 212 14 223
20 212 20 220
32 212 32 220
37 212 37 221
43 212 44 215
63 212 63 220
66 212 66 220
69 212 69 221
73 212 73 220
79 212 79 220
88 212 89 216
120 212 120 219
129 212 129 219
131 212 131 221
132 212 132 219
151 212 152 216
158 212 158 219
160 212 160 220
165 212 165 220
172 212 173 215
174 212 176 214
178 212 178 220
12 213 12 222
17 213 17 224
25 213 25 224
27 213 27 223
31 213 31 220
35 213 36 216
67 213 67 221
80 213 80 220
86 213 86 220
91 213 91 224
106 213 107 217
111 213 111 224
116 213 116 223
117 213 117 221
128 213 128 223
153 213 153 220
154 213 154 222
177 213 177 220
180 213 180 223
182 213 183 218
187 213 187 224
9 214 9 225
13 214 13 223
28 214 29 217
30 214 30 221
34 214 34 225
41 214 41 224
42 214 42 222
50 214 50 225
58 214 58 221
85 214 85 222
99 214 101 216
102 214 103 217
133 214 133 222
135 214 135 223
136 214 136 221
139 214 139 223
145 214 145 224
147 214 148 218
150 214 150 221
163 214 163 221
164 214 164 221
198 214 199 219
21 215 21 225
40 215 40 223
46 215 47 218
53 215 53 223
60 215 62 217
76 215 77 219
81 215 82 219
98 215 98 222
108 215 109 218
110 215 110 224
113 215 113 222
115 215 115 223
118 215 118 223
126 215 126 223
130 215 130 225
134 215 134 223
141 215 142 219
144 215 144 226
149 215 149 224
174 215 175 218
176 215 176 224
192 215 192 224
195 215 195 224
2 216 2 224
22 216 22 223
23 216 23 223
44 216 44 225
49 216 49 225
51 216 51 223
72 216 72 226
74 216 75 220
92 216 93 221
94 216 94 225
105 216 105 227
112 216 112 226
121 216 122 220
127 216 127 223
138 216 138 223
156 216 156 227
172 216 173 219
179 216 179 223
181 216 181 227
193 216 193 223
0 217 0 228
5 217 5 227
35 217 35 225
43 217 43 228
55 217 56 220
57 217 57 228
68 217 68 224
87 217 87 227
88 217 90 220
95 217 95 228
99 217 100 220
104 217 104 225
151 217 152 220
167 217 167 224
184 217 184 224
189 217 189 226
197 217 197 227
15 218 15 225
28 218 29 221
38 218 38 229
52 218 52 229
54 218 54 229
60 218 60 228
61 218 62 221
65 218 65 229
71 218 71 229
78 218 78 226
83 218 83 227
101 218 103 220
106 218 106 225
107 218 107 227
166 218 166 229
185 218 185 228
194 218 194 229
6 219 7 222
19 219 19 230
24 219 24 227
46 219 46 226
47 219 48 222
108 219 109 223
124 219 125 222
143 219 143 229
146 219 146 226
147 219 148 224
159 219 159 230
161 219 162 224
169 219 170 222
174 219 175 223
182 219 182 227
183 219 183 226
190 219 190 229
191 219 191 226
196 219 196 228
18 220 18 227
26 220 26 228
33 220 33 230
39 220 39 231
45 220 45 228
70 220 70 229
76 220 77 223
81 220 81 231
82 220 82 227
120 220 120 227
123 220 123 228
129 220 129 228
132 220 132 231
137 220 137 227
140 220 141 223
142 220 142 229
155 220 155 227
158 220 158 228
168 220 168 231
171 220 173 223
188 220 188 231
198 220 199 225
3 221 4 225
10 221 10 229
20 221 20 229
31 221 31 228
32 221 32 231
55 221 56 225
63 221 63 230
66 221 66 232
73 221 74 224
75 221 75 231
79 221 80 225
86 221 86 231
88 221 88 230
89 221 89 230
97 221 97 229
99 221 102 223
103 221 103 231
119 221 119 229
121 221 122 225
151 221 152 224
153 221 153 228
157 221 157 232
160 221 160 230
165 221 165 232
177 221 178 224
1 222 1 230
11 222 11 230
28 222 30 225
37 222 37 233
58 222 58 230
61 222 62 225
64 222 64 233
67 222 67 232
69 222 69 229
92 222 93 226
96 222 96 229
117 222 117 232
131 222 131 231
136 222 136 230
150 222 150 233
163 222 163 229
164 222 164 231
186 222 186 233
6 223 8 225
12 223 12 232
42 223 42 230
47 223 48 226
85 223 85 230
98 223 98 230
113 223 113 230
124 223 125 226
133 223 133 232
154 223 154 234
169 223 169 233
170 223 170 233
13 224 13 235
14 224 14 231
22 224 22 231
23 224 23 233
27 224 27 235
36 224 36 235
40 224 40 231
51 224 51 232
53 224 53 235
76 224 77 227
99 224 100 228
101 224 102 228
108 224 109 227
114 224 116 226
118 224 118 231
126 224 128 226
134 224 134 235
135 224 135 235
138 224 141 225
171 224 172 227
174 224 174 235
175 224 175 234
179 224 180 227
193 224 193 235
2 225 2 233
25 225 25 234
41 225 41 233
68 225 68 232
73 225 73 232
74 225 74 235
90 225 91 230
110 225 111 229
145 225 145 232
147 225 148 229
149 225 149 236
151 225 151 233
161 225 162 228
167 225 167 233
176 225 176 236
177 225 177 232
178 225 178 232
184 225 184 233
187 225 187 234
192 225 192 232
195 225 195 233
3 226 4 229
6 226 9 227
15 226 16 229
17 226 17 237
21 226 21 233
28 226 28 234
29 226 30 229
35 226 35 234
44 226 44 234
49 226 50 229
55 226 56 231
61 226 62 229
79 226 79 235
80 226 80 235
94 226 94 234
104 226 104 234
106 226 106 235
121 226 121 234
122 226 122 235
130 226 130 237
138 226 140 228
141 226 141 233
173 226 173 237
198 226 198 234
199 226 199 237
34 227 34 238
46 227 47 230
48 227 48 235
59 227 59 238
72 227 72 238
78 227 78 235
93 227 93 238
112 227 112 235
114 227 116 230
124 227 126 229
127 227 128 231
146 227 146 234
183 227 183 235
189 227 189 236
191 227 191 238
5 228 8 229
9 228 9 239
18 228 18 235
24 228 24 236
76 228 77 232
82 228 83 231
87 228 87 235
105 228 105 239
107 228 107 235
108 228 109 233
120 228 120 236
137 228 137 239
155 228 156 232
171 228 171 235
172 228 172 237
179 228 182 229
197 228 197 238
0 229 0 236
26 229 26 236
31 229 31 238
45 229 45 239
57 229 57 237
60 229 60 237
84 229 84 240
95 229 95 237
99 229 102 230
123 229 123 240
129 229 129 236
138 229 139 232
140 229 140 238
153 229 153 238
158 229 158 238
161 229 161 236
185 229 185 236
196 229 196 236
3 230 3 237
4 230 4 238
5 230 5 237
6 230 8 232
10 230 10 239
15 230 15 240
16 230 16 241
20 230 20 237
29 230 30 233
38 230 38 239
49 230 49 237
50 230 50 237
61 230 62 234
65 230 65 237
69 230 70 233
71 230 71 241
92 230 92 241
96 230 97 233
111 230 111 241
119 230 119 237
124 230 125 233
142 230 142 237
143 230 143 240
147 230 147 241
148 230 148 238
162 230 162 241
163 230 163 239
179 230 181 232
190 230 190 241
194 230 194 241
1 231 1 241
11 231 11 242
33 231 33 238
42 231 43 235
46 231 46 239
58 231 58 242
63 231 63 238
85 231 85 238
88 231 91 232
98 231 102 232
113 231 113 238
114 231 116 233
126 231 126 242
136 231 136 242
159 231 160 235
14 232 14 240
22 232 22 239
32 232 32 242
39 232 40 237
54 232 56 235
75 232 75 243
81 232 82 236
83 232 83 243
86 232 86 243
103 232 103 240
118 232 118 243
127 232 127 239
128 232 128 241
131 232 131 243
152 232 152 243
164 232 164 239
168 232 168 239
182 232 182 243
188 232 188 240
6 233 7 236
8 233 8 244
12 233 12 243
51 233 51 244
66 233 67 237
68 233 68 244
73 233 73 243
76 233 77 236
88 233 90 235
98 233 99 236
100 233 101 236
102 233 102 244
117 233 117 244
132 233 133 238
138 233 138 241
139 233 139 244
145 233 145 243
156 233 156 244
165 233 166 237
177 233 179 235
180 233 181 237
192 233 192 240
2 234 2 241
21 234 21 245
23 234 23 245
29 234 29 241
30 234 30 245
37 234 37 245
41 234 41 245
52 234 52 245
69 234 70 238
96 234 96 241
97 234 97 245
108 234 109 237
110 234 110 245
114 234 114 245
115 234 116 238
124 234 124 241
125 234 125 242
141 234 141 241
144 234 144 245
150 234 151 238
155 234 155 245
157 234 157 245
167 234 167 242
169 234 170 239
184 234 184 245
186 234 186 242
195 234 195 241
19 235 19 246
25 235 25 246
28 235 28 245
35 235 35 242
44 235 44 245
61 235 61 245
62 235 62 245
91 235 91 246
94 235 94 243
104 235 104 246
121 235 121 244
146 235 146 243
154 235 154 245
175 235 175 246
187 235 187 242
198 235 198 246
13 236 13 247
18 236 18 246
36 236 36 247
42 236 43 239
47 236 48 241
53 236 53 245
54 236 54 247
55 236 56 240
74 236 74 243
78 236 78 244
79 236 79 244
80 236 80 247
87 236 87 244
88 236 88 244
89 236 89 244
106 236 107 240
112 236 112 243
122 236 122 247
134 236 135 241
159 236 159 245
160 236 160 245
171 236 171 247
177 236 178 239
179 236 179 246
183 236 183 245
193 236 193 246
0 237 0 248
6 237 6 245
7 237 7 245
24 237 24 248
26 237 26 248
64 237 64 248
76 237 76 247
77 237 77 244
81 237 81 248
82 237 82 248
90 237 90 248
98 237 98 248
100 237 100 248
101 237 101 244
120 237 120 244
129 237 129 248
149 237 149 248
161 237 161 245
174 237 174 248
176 237 176 248
185 237 185 245
189 237 189 244
196 237 196 246
3 238 3 249
5 238 5 245
17 238 17 249
20 238 20 246
39 238 39 247
40 238 40 247
49 238 49 246
50 238 50 249
57 238 57 246
60 238 60 245
65 238 65 249
66 238 66 249
67 238 67 245
95 238 95 249
99 238 99 249
108 238 109 242
119 238 119 249
130 238 130 249
142 238 142 249
165 238 166 243
172 238 173 242
180 238 181 242
199 238 199 249
4 239 4 249
31 239 31 249
33 239 34 242
59 239 59 246
63 239 63 249
69 239 69 249
70 239 70 249
72 239 72 246
85 239 85 247
113 239 113 247
115 239 115 249
132 239 133 243
140 239 140 249
148 239 148 249
150 239 151 243
153 239 153 249
158 239 158 246
197 239 197 249
9 240 10 245
22 240 22 249
38 240 38 247
42 240 43 245
45 240 46 243
105 240 105 249
127 240 127 249
163 240 164 243
168 240 170 242
177 240 178 243
14 241 15 244
55 241 56 244
84 241 84 249
103 241 103 249
106 241 107 246
143 241 143 249
188 241 188 248
191 241 192 246
1 242 2 247
29 242 29 249
96 242 96 249
123 242 124 247
128 242 128 249
138 242 138 249
141 242 141 249
162 242 162 249
194 242 195 246
32 243 33 248
34 243 35 248
108 243 109 247
125 243 126 248
134 243 136 246
167 243 170 244
172 243 173 248
180 243 181 246
186 243 187 248
11 244 12 249
45 244 48 246
73 244 75 246
92 244 94 247
111 244 112 247
131 244 132 249
145 244 147 247
150 244 152 247
163 244 166 245
177 244 178 248
14 245 16 248
55 245 56 249
77 245 79 247
86 245 89 247
101 245 102 249
116 245 118 248
120 245 121 249
167 245 168 249
169 245 170 249
189 245 190 248
5 246 8 248
9 246 10 249
27 246 28 249
41 246 44 247
51 246 53 249
60 246 62 249
67 246 68 249
154 246 155 249
159 246 161 249
163 246 165 249
182 246 185 248
18 247 21 249
45 247 49 248
57 247 59 249
71 247 74 249
133 247 136 249
156 247 158 249
179 247 181 249
191 247 196 248
36 248 44 248
75 248 80 249
85 248 89 249
91 248 94 249
106 248 114 248
32 249 43 249
171 249 178 249
182 249 193 249
